149.832 2.659
150.084 12.659
150.337 -6.342
150.589 18.658
150.841 10.658
151.094 30.658
151.346 31.658
151.598 22.658
151.851 17.657
152.103 18.657
152.355 -12.343
152.608 7.657
152.860 25.657
153.113 12.656
153.365 53.656
153.617 69.656
153.870 64.656
154.122 52.656
154.374 34.656
154.627 40.655
154.879 14.655
155.131 -11.345
155.384 -23.345
155.636 25.655
155.889 58.654
156.141 38.654
156.393 59.654
156.646 29.654
156.898 10.654
157.150 31.654
157.403 30.653
157.655 31.653
157.907 35.653
158.160 10.653
158.412 -5.347
158.664 10.652
158.917 42.652
159.169 51.652
159.422 21.652
159.674 32.652
159.926 33.652
160.179 48.651
160.431 26.651
160.683 26.651
160.936 30.651
161.188 12.651
161.440 26.650
161.693 28.650
161.945 36.650
162.198 38.650
162.450 14.650
162.702 -6.350
162.955 -1.351
163.207 24.649
163.459 45.649
163.712 25.649
163.964 32.649
164.216 37.648
164.469 3.648
164.721 -19.352
164.974 15.648
165.226 -3.352
165.478 -2.352
165.731 45.647
165.983 46.647
166.235 62.647
166.488 83.647
166.740 42.647
166.992 20.646
167.245 -0.354
167.497 -9.354
167.749 6.646
168.002 24.646
168.254 18.645
168.507 22.645
168.759 35.645
169.011 27.645
169.264 64.645
169.516 38.645
169.768 48.644
170.021 54.644
170.273 29.644
170.525 36.644
170.778 46.644
171.030 49.643
171.283 72.643
171.535 92.643
171.787 48.643
172.040 40.643
172.292 43.642
172.544 46.642
172.797 34.642
173.049 13.642
173.301 19.642
173.554 40.641
173.806 79.641
174.058 75.641
174.311 26.641
174.563 -2.359
174.816 -1.360
175.068 18.640
175.320 45.640
175.573 64.640
175.825 61.640
176.077 64.640
176.330 48.639
176.582 26.639
176.834 42.639
177.087 52.639
177.339 27.639
177.592 11.638
177.844 58.638
178.096 57.638
178.349 45.638
178.601 34.638
178.853 48.637
179.106 40.637
179.358 -10.363
179.610 -11.363
179.863 6.637
180.115 29.636
180.368 57.636
180.620 68.636
180.872 46.636
181.125 30.636
181.377 43.635
181.629 15.635
181.882 43.635
182.134 39.635
182.386 40.635
182.639 53.634
182.891 60.634
183.143 47.634
183.396 30.634
183.648 64.634
183.901 23.633
184.153 32.633
184.405 66.633
184.658 52.633
184.910 58.633
185.158 58.632
185.406 40.632
185.654 70.632
185.903 42.632
186.151 4.632
186.399 37.631
186.647 53.631
186.895 31.631
187.143 3.631
187.392 13.631
187.640 30.630
187.888 1.630
188.136 -11.370
188.384 23.630
188.632 0.630
188.881 15.629
189.129 17.629
189.377 42.629
189.625 37.629
189.873 22.629
190.121 45.628
190.369 78.628
190.618 6.628
190.866 5.628
191.114 0.628
191.362 0.627
191.610 9.627
191.858 42.627
192.107 41.627
192.355 37.627
192.603 75.626
192.851 74.626
193.099 35.626
193.347 23.626
193.596 4.626
193.844 17.625
194.092 41.625
194.340 58.625
194.588 46.625
194.836 27.625
195.085 34.624
195.333 66.624
195.581 41.624
195.829 3.624
196.077 21.624
196.325 -6.377
196.573 14.623
196.822 42.623
197.070 53.623
197.318 5.623
197.566 16.622
197.814 66.622
198.062 48.622
198.311 43.622
198.559 -1.378
198.807 0.621
199.055 26.621
199.303 43.621
199.551 57.621
199.800 11.620
200.048 -9.380
200.296 25.620
200.544 61.620
200.792 51.620
201.040 51.619
201.288 15.619
201.537 9.619
201.785 41.619
202.033 48.619
202.281 44.618
202.529 37.618
202.777 31.618
203.026 1.618
203.274 16.618
203.522 11.617
203.770 -8.383
204.018 7.617
204.266 21.617
204.515 7.617
204.763 -7.384
205.011 8.616
205.259 36.616
205.507 34.616
205.755 50.615
206.004 50.615
206.252 64.615
206.500 52.615
206.748 32.615
206.996 7.614
207.244 7.614
207.492 30.614
207.741 9.614
207.989 43.614
208.237 36.613
208.485 30.613
208.733 22.613
208.981 58.613
209.230 75.612
209.478 85.612
209.726 44.612
209.974 44.612
210.222 43.612
210.470 60.611
210.719 38.611
210.967 3.611
211.215 24.611
211.463 48.611
211.711 71.610
211.959 79.610
212.207 49.610
212.456 15.610
212.704 8.609
212.952 18.609
213.200 63.609
213.448 44.609
213.696 11.609
213.945 39.608
214.193 67.608
214.441 42.608
214.689 34.608
214.937 21.607
215.185 36.607
215.434 42.607
215.682 24.607
215.930 66.607
216.178 56.606
216.426 30.606
216.674 79.606
216.922 68.606
217.171 74.605
217.419 77.605
217.667 66.605
217.915 57.605
218.163 56.605
218.411 39.604
218.660 28.604
218.908 21.604
219.156 38.604
219.404 35.603
219.652 20.603
219.900 50.603
220.149 0.603
220.397 -6.397
220.645 46.602
220.893 13.602
221.141 4.602
221.389 17.602
221.638 22.601
221.886 26.601
222.134 40.601
222.382 39.601
222.630 44.601
222.878 55.600
223.126 52.600
223.375 16.600
223.623 -25.400
223.871 26.599
224.119 76.599
224.367 70.599
224.615 21.599
224.864 11.599
225.112 39.598
225.360 32.598
225.608 31.598
225.856 35.598
226.104 -9.403
226.353 -13.403
226.601 17.597
226.849 17.597
227.097 38.597
227.345 27.596
227.593 -4.404
227.841 33.596
228.090 42.596
228.338 41.595
228.586 51.595
228.834 27.595
229.082 9.595
229.330 25.594
229.579 38.594
229.827 58.594
230.075 35.594
230.323 -3.406
230.571 27.593
230.819 47.593
231.068 26.593
231.316 39.593
231.564 40.592
231.812 24.592
232.060 15.592
232.308 31.592
232.557 22.591
232.805 -26.409
233.053 0.591
233.301 13.591
233.549 49.591
233.797 57.590
234.045 9.590
234.294 33.590
234.542 23.590
234.790 -28.411
235.038 27.589
235.286 47.589
235.534 14.589
235.783 15.588
236.031 11.588
236.279 9.588
236.527 -7.412
236.775 29.587
237.023 48.587
237.272 33.587
237.520 49.587
237.768 61.587
238.016 60.586
238.264 81.586
238.512 44.586
238.760 23.586
239.009 47.585
239.257 44.585
239.505 9.585
239.753 34.585
240.001 41.584
240.249 39.584
240.498 25.584
240.746 30.584
240.994 32.583
241.242 18.583
241.490 57.583
241.738 13.583
241.987 3.582
242.235 25.582
242.483 33.582
242.731 -5.418
242.979 0.581
243.227 28.581
243.475 34.581
243.724 -0.419
243.972 20.581
244.220 2.580
244.468 13.580
244.716 28.580
244.964 33.580
245.213 43.579
245.461 36.579
245.709 29.579
245.957 8.579
246.205 28.578
246.453 30.578
246.702 25.578
246.950 10.578
247.198 13.577
247.446 42.577
247.694 64.577
247.942 59.577
248.191 35.576
248.439 30.576
248.687 51.576
248.935 19.576
249.183 18.575
249.431 24.575
249.679 51.575
249.928 44.575
250.176 56.574
250.424 101.574
250.672 79.574
250.920 34.574
251.168 30.573
251.417 50.573
251.665 48.573
251.913 74.573
252.161 28.572
252.409 13.572
252.657 35.572
252.906 47.572
253.154 20.571
253.402 28.571
253.650 -3.429
253.905 32.571
254.161 53.570
254.416 51.570
254.672 55.570
254.927 -2.430
255.183 35.569
255.438 64.569
255.694 29.569
255.949 21.569
256.205 26.568
256.460 44.568
256.715 53.568
256.971 11.568
257.226 3.567
257.482 22.567
257.737 17.567
257.993 21.567
258.248 20.566
258.504 35.566
258.759 27.566
259.014 5.566
259.270 -13.435
259.525 20.565
259.781 42.565
260.036 55.565
260.292 31.564
260.547 6.564
260.803 9.564
261.058 -11.436
261.314 5.563
261.569 22.563
261.824 24.563
262.080 22.563
262.335 38.562
262.591 49.562
262.846 7.562
263.102 46.562
263.357 88.561
263.613 31.561
263.868 -5.439
264.123 -4.440
264.379 43.560
264.634 45.560
264.890 39.560
265.145 20.559
265.401 2.559
265.656 19.559
265.912 19.559
266.167 -5.442
266.423 9.558
266.678 27.558
266.933 27.558
267.189 34.557
267.444 42.557
267.700 54.557
267.955 47.557
268.211 48.556
268.466 51.556
268.722 48.556
268.977 34.556
269.232 51.555
269.488 5.555
269.743 21.555
269.999 35.554
270.254 2.554
270.510 34.554
270.765 53.554
271.021 49.553
271.276 58.553
271.532 40.553
271.787 57.553
272.042 75.552
272.298 61.552
272.553 62.552
272.809 77.552
273.064 55.551
273.320 64.551
273.575 52.551
273.831 -1.450
274.086 7.550
274.342 44.550
274.597 69.550
274.852 45.549
275.108 38.549
275.363 29.549
275.619 52.549
275.874 78.548
276.130 47.548
276.385 41.548
276.641 68.548
276.896 22.547
277.151 -30.453
277.407 18.547
277.662 67.546
277.918 15.546
278.173 29.546
278.429 61.546
278.684 18.545
278.940 31.545
279.195 60.545
279.451 52.545
279.706 46.544
279.961 28.544
280.217 15.544
280.472 43.543
280.728 62.543
280.983 36.543
281.239 7.543
281.494 24.542
281.750 -9.458
282.005 -34.458
282.260 20.541
282.516 19.541
282.771 10.541
283.027 30.541
283.282 15.540
283.538 0.540
283.793 14.540
284.049 24.540
284.304 27.539
284.560 27.539
284.815 48.539
285.070 80.538
285.326 26.538
285.581 -2.462
285.837 21.538
286.092 59.537
286.348 70.537
286.603 69.537
286.859 34.536
287.114 35.536
287.369 28.536
287.625 33.536
287.880 9.535
288.136 -14.465
288.391 23.535
288.647 33.535
288.902 56.534
289.158 54.534
289.413 61.534
289.669 61.533
289.924 16.533
290.179 27.533
290.435 60.533
290.690 10.532
290.946 31.532
291.201 15.532
291.457 -2.469
291.712 0.531
291.968 21.531
292.223 51.531
292.479 65.530
292.734 30.530
292.989 15.530
293.245 46.529
293.500 41.529
293.756 21.529
294.011 41.529
294.267 82.528
294.522 88.528
294.778 30.528
295.033 1.527
295.288 29.527
295.544 14.527
295.799 -11.474
296.055 6.526
296.310 33.526
296.566 26.526
296.821 39.525
297.077 40.525
297.332 48.525
297.588 43.524
297.843 28.524
298.098 19.524
298.354 -14.476
298.609 7.523
298.865 31.523
299.120 44.523
299.376 61.522
299.631 58.522
299.887 7.522
300.142 15.522
300.397 29.521
300.653 26.521
300.908 38.521
301.164 69.520
301.419 60.520
301.675 60.520
301.930 52.519
302.186 21.519
302.441 17.519
302.697 24.519
302.952 25.518
303.207 49.518
303.463 69.518
303.718 51.517
303.974 26.517
304.229 52.517
304.485 12.516
304.740 36.516
304.996 51.516
305.251 42.516
305.506 36.515
305.762 24.515
306.017 10.515
306.273 15.514
306.528 42.514
306.784 40.514
307.039 13.513
307.295 32.513
307.550 49.513
307.806 70.513
308.061 95.512
308.316 74.512
308.572 57.512
308.827 47.511
309.083 48.511
309.338 15.511
309.594 38.510
309.849 40.510
310.105 53.510
310.360 59.510
310.615 41.509
310.871 7.509
311.126 51.509
311.382 68.508
311.637 75.508
311.893 86.508
312.148 46.507
312.404 49.507
312.659 59.507
312.915 47.506
313.170 57.506
313.433 49.506
313.696 64.506
313.959 54.505
314.221 17.505
314.484 59.505
314.747 103.504
315.010 66.504
315.273 45.504
315.536 59.503
315.799 51.503
316.062 114.503
316.324 140.502
316.587 120.502
316.850 144.502
317.113 230.502
317.376 441.501
317.639 750.501
317.902 914.501
318.164 1090.500
318.427 1245.500
318.690 1326.500
318.953 1234.499
319.216 1016.499
319.479 826.499
319.742 561.498
320.004 389.498
320.267 301.498
320.530 188.497
320.793 97.497
321.056 79.497
321.319 97.496
321.582 89.496
321.845 38.496
322.107 38.496
322.370 72.495
322.633 66.495
322.896 23.495
323.159 62.494
323.422 55.494
323.685 60.494
323.947 91.493
324.210 85.493
324.473 93.493
324.736 95.492
324.999 41.492
325.262 34.492
325.525 65.491
325.787 73.491
326.050 57.491
326.313 93.490
326.576 62.490
326.839 46.490
327.102 87.489
327.365 62.489
327.628 65.489
327.890 65.488
328.153 9.488
328.416 25.488
328.679 68.487
328.942 88.487
329.205 93.487
329.468 43.486
329.730 70.486
329.993 97.486
330.256 83.485
330.519 70.485
330.782 51.485
331.045 51.485
331.308 39.484
331.570 67.484
331.833 121.484
332.096 93.483
332.359 70.483
332.622 70.483
332.885 72.482
333.148 90.482
333.411 98.482
333.673 93.481
333.936 108.481
334.199 96.481
334.462 67.480
334.725 68.480
334.988 71.480
335.251 35.479
335.513 40.479
335.776 10.479
336.039 42.478
336.302 69.478
336.565 64.478
336.828 71.477
337.091 65.477
337.354 82.477
337.616 74.476
337.879 73.476
338.142 61.476
338.405 32.475
338.668 58.475
338.931 80.474
339.194 69.474
339.456 56.474
339.719 54.473
339.982 78.473
340.245 99.473
340.508 79.472
340.771 71.472
341.034 72.472
341.296 43.471
341.559 52.471
341.822 44.471
342.085 46.470
342.348 44.470
342.611 55.470
342.874 56.469
343.137 64.469
343.399 75.469
343.662 72.468
343.925 91.468
344.188 110.468
344.451 108.467
344.714 123.467
344.977 114.467
345.239 88.466
345.502 81.466
345.765 64.466
346.028 37.465
346.291 38.465
346.554 84.465
346.817 33.464
347.080 57.464
347.342 77.464
347.605 79.463
347.868 58.463
348.131 61.462
348.394 84.462
348.657 77.462
348.920 106.461
349.182 124.461
349.445 99.461
349.708 83.460
349.971 86.460
350.234 77.460
350.497 48.459
350.760 75.459
351.022 95.459
351.285 82.458
351.548 87.458
351.811 90.458
352.074 96.457
352.337 85.457
352.600 100.456
352.863 77.456
353.125 46.456
353.388 46.455
353.651 75.455
353.914 94.455
354.177 100.454
354.440 119.454
354.703 130.454
354.965 127.453
355.228 137.453
355.491 98.453
355.754 90.452
356.017 69.452
356.280 87.451
356.543 72.451
356.805 45.451
357.068 82.450
357.331 94.450
357.594 71.450
357.857 74.449
358.120 93.449
358.383 62.449
358.646 50.448
358.908 50.448
359.171 68.447
359.434 74.447
359.697 77.447
359.960 71.446
360.223 88.446
360.486 115.446
360.748 132.445
361.011 141.445
361.274 154.445
361.537 146.444
361.800 152.444
362.063 176.443
362.326 141.443
362.588 92.443
362.851 117.442
363.114 114.442
363.377 81.442
363.640 78.441
363.903 99.441
364.166 93.440
364.429 104.440
364.691 106.440
364.954 99.439
365.217 85.439
365.480 68.439
365.745 75.438
366.009 85.438
366.274 71.437
366.539 103.437
366.804 110.437
367.068 78.436
367.333 46.436
367.598 98.436
367.863 135.435
368.127 98.435
368.392 118.434
368.657 151.434
368.921 143.434
369.186 122.433
369.451 142.433
369.716 148.433
369.980 196.432
370.245 184.432
370.510 193.431
370.775 176.431
371.039 157.431
371.304 153.430
371.569 118.430
371.834 140.430
372.098 138.429
372.363 118.429
372.628 110.428
372.892 105.428
373.157 136.428
373.422 132.427
373.687 98.427
373.951 110.426
374.216 92.426
374.481 104.426
374.746 100.425
375.010 87.425
375.275 117.425
375.540 111.424
375.804 152.424
376.069 114.423
376.334 82.423
376.599 96.423
376.863 120.422
377.128 125.422
377.393 131.421
377.658 115.421
377.922 117.421
378.187 166.420
378.452 176.420
378.716 154.419
378.981 151.419
379.246 110.419
379.511 126.418
379.775 170.418
380.040 150.417
380.305 199.417
380.570 241.417
380.834 270.416
381.099 346.416
381.364 424.416
381.629 464.415
381.893 426.415
382.158 452.414
382.423 405.414
382.687 339.414
382.952 338.413
383.217 307.413
383.482 300.412
383.746 277.412
384.011 305.412
384.276 334.411
384.541 325.411
384.805 377.410
385.070 427.410
385.335 425.410
385.599 454.409
385.864 455.409
386.129 482.408
386.394 622.408
386.658 784.407
386.923 1486.407
387.188 5296.407
387.453 14600.406
387.717 26265.406
387.982 35951.405
388.247 43270.405
388.511 48507.405
388.776 51590.404
389.041 49567.404
389.306 41638.403
389.570 31876.403
389.835 23356.403
390.100 16553.402
390.365 11356.402
390.629 7369.401
390.894 4662.401
391.159 2853.401
391.424 1852.400
391.688 1302.400
391.953 1020.399
392.218 793.399
392.482 670.398
392.747 604.398
393.012 510.398
393.277 421.397
393.541 376.397
393.806 359.396
394.071 372.396
394.336 353.396
394.600 381.395
394.865 463.395
395.130 530.394
395.394 654.394
395.659 734.394
395.924 812.393
396.189 899.393
396.453 833.392
396.718 692.392
396.983 586.391
397.248 506.391
397.512 425.391
397.777 365.390
398.042 306.390
398.306 262.389
398.571 247.389
398.836 217.388
399.101 197.388
399.365 183.388
399.630 137.387
399.895 169.387
400.160 200.386
400.424 208.386
400.689 230.385
400.954 409.385
401.219 683.385
401.483 867.384
401.748 1025.384
402.013 1194.383
402.277 1319.383
402.542 1303.382
402.807 1087.382
403.072 944.382
403.336 766.381
403.601 568.381
403.866 460.380
404.131 367.380
404.395 273.379
404.660 278.379
404.931 231.379
405.202 166.378
405.473 153.378
405.745 157.377
406.016 106.377
406.287 86.376
406.558 119.376
406.829 95.376
407.100 92.375
407.371 113.375
407.642 104.374
407.914 107.374
408.185 90.373
408.456 82.373
408.727 86.372
408.998 85.372
409.269 101.372
409.540 104.371
409.811 90.371
410.083 93.370
410.354 129.370
410.625 194.369
410.896 223.369
411.167 231.368
411.438 277.368
411.709 277.368
411.981 270.367
412.252 238.367
412.523 180.366
412.794 163.366
413.065 231.365
413.336 217.365
413.607 150.364
413.878 147.364
414.150 200.364
414.421 199.363
414.692 126.363
414.963 101.362
415.234 101.362
415.505 89.361
415.776 78.361
416.047 90.360
416.319 85.360
416.590 97.359
416.861 50.359
417.132 56.359
417.403 35.358
417.674 40.358
417.945 76.357
418.217 113.357
418.488 120.356
418.759 143.356
419.030 156.355
419.301 150.355
419.572 113.354
419.843 75.354
420.114 107.354
420.386 77.353
420.657 50.353
420.928 79.352
421.199 122.352
421.470 99.351
421.741 87.351
422.012 66.350
422.283 103.350
422.555 90.349
422.826 82.349
423.097 79.348
423.368 100.348
423.639 75.348
423.910 42.347
424.181 43.347
424.453 63.346
424.724 52.346
424.995 56.345
425.266 97.345
425.537 124.344
425.808 75.344
426.079 97.343
426.350 73.343
426.622 85.342
426.893 98.342
427.164 84.341
427.435 54.341
427.706 54.340
427.977 89.340
428.248 103.339
428.519 65.339
428.791 50.339
429.062 56.338
429.333 85.338
429.604 67.337
429.875 38.337
430.146 74.336
430.417 82.336
430.689 63.335
430.960 89.335
431.231 109.334
431.502 106.334
431.773 89.333
432.044 52.333
432.315 66.332
432.586 60.332
432.858 75.331
433.129 74.331
433.400 40.330
433.671 79.330
433.942 102.329
434.213 115.329
434.484 156.328
434.755 178.328
435.027 143.327
435.298 148.327
435.569 190.326
435.840 198.326
436.118 201.325
436.395 190.325
436.673 190.325
436.951 200.324
437.228 207.324
437.506 234.323
437.784 274.323
438.061 334.322
438.339 331.322
438.617 313.321
438.894 326.321
439.172 337.320
439.450 273.320
439.727 244.319
440.005 210.319
440.283 173.318
440.560 159.318
440.838 173.317
441.115 123.317
441.393 150.316
441.671 158.316
441.948 158.315
442.226 140.315
442.504 153.314
442.781 144.314
443.059 151.313
443.337 142.313
443.614 151.312
443.892 175.312
444.170 178.311
444.447 154.311
444.725 193.310
445.003 239.310
445.280 502.309
445.558 1566.309
445.836 3373.308
446.113 5045.307
446.391 6440.307
446.669 7637.306
446.946 8421.306
447.224 8480.305
447.502 7582.305
447.779 6107.304
448.057 4639.304
448.335 3471.303
448.612 2547.303
448.890 1917.302
449.168 1483.302
449.445 1115.301
449.723 877.301
450.001 615.300
450.278 434.300
450.556 310.299
450.834 233.299
451.111 203.298
451.389 183.298
451.666 163.297
451.944 141.297
452.222 157.296
452.499 146.296
452.777 133.295
453.055 134.295
453.332 119.294
453.610 110.294
453.888 106.293
454.165 93.292
454.443 135.292
454.721 97.997
454.998 98.895
455.276 119.692
455.554 130.507
455.831 144.279
456.109 81.636
456.387 36.956
456.664 42.902
456.942 55.730
457.220 52.759
457.497 98.206
457.775 128.868
458.053 82.379
458.330 81.389
458.608 108.095
458.886 124.909
459.163 118.974
459.441 61.605
459.719 63.582
459.996 91.368
460.274 79.486
460.552 116.119
460.829 66.680
461.107 29.018
461.384 40.951
461.662 105.539
461.940 132.351
462.217 116.577
462.495 96.792
462.773 130.623
463.050 179.557
463.328 154.810
463.606 166.774
463.883 191.890
464.161 216.057
464.439 198.273
464.716 199.272
464.994 246.518
465.272 258.788
465.549 229.960
465.827 242.999
466.105 198.062
466.382 163.084
466.660 171.124
466.938 147.151
467.215 121.999
467.493 139.101
467.771 178.336
468.048 158.374
468.326 99.965
468.604 127.154
468.881 140.245
469.159 138.092
469.437 138.091
469.714 177.326
469.992 354.388
470.270 619.981
470.547 867.465
470.825 1051.569
471.102 1233.661
471.380 1379.536
471.658 1364.445
471.935 1209.515
472.213 1033.424
472.491 837.444
472.768 583.590
473.046 425.532
473.324 369.363
473.601 320.896
473.879 289.543
474.157 248.501
474.434 226.252
474.712 157.095
474.990 140.969
475.267 131.987
475.545 93.968
475.823 73.954
476.100 85.820
476.378 77.782
476.656 94.586
476.933 87.547
477.211 118.183
477.489 110.145
477.766 74.427
478.044 39.768
478.322 3.203
478.599 34.757
478.877 54.427
479.155 57.325
479.432 102.600
479.710 101.516
479.988 70.964
480.265 80.707
480.543 80.627
480.820 71.733
481.098 120.586
481.376 97.984
481.653 71.591
481.931 78.356
482.209 80.230
482.486 91.937
482.764 79.176
483.042 80.072
483.319 66.440
483.597 77.150
483.875 56.646
484.152 81.938
484.430 70.264
484.708 91.664
484.985 96.527
485.263 77.072
485.541 74.225
485.818 111.117
486.096 71.303
486.374 49.880
486.651 82.012
486.929 119.013
487.207 80.142
487.484 69.420
487.762 100.707
488.040 98.755
488.317 89.085
488.595 106.767
488.873 99.924
489.150 134.267
489.428 147.131
489.706 128.521
489.983 125.705
490.261 87.555
490.539 112.199
490.816 301.099
491.094 660.980
491.371 984.465
491.649 1329.277
491.927 1589.956
492.204 1795.083
492.482 1884.713
492.760 1711.958
493.037 1419.182
493.315 1165.393
493.593 893.384
493.870 676.446
494.148 562.584
494.426 452.140
494.703 418.443
494.981 383.143
495.259 311.714
495.536 236.316
495.814 186.898
496.092 172.002
496.369 172.994
496.647 126.446
496.925 77.737
497.202 85.689
497.480 71.772
497.758 49.952
498.035 120.598
498.313 146.468
498.591 113.745
498.868 125.697
499.146 154.581
499.424 123.703
499.701 144.763
499.979 397.006
500.257 1218.323
500.534 2628.681
500.812 4065.931
501.089 5242.226
501.367 6239.237
501.645 6754.176
501.922 6508.160
502.200 5702.678
502.478 4694.718
502.755 3588.249
503.033 2872.826
503.311 2287.464
503.588 1875.063
503.866 1574.169
504.144 1305.741
504.421 1159.749
504.699 996.224
504.977 798.403
505.254 684.965
505.532 571.187
505.810 402.151
506.087 307.267
506.365 255.833
506.643 230.041
506.920 191.542
507.198 172.726
507.476 143.033
507.753 116.499
508.031 142.752
508.309 99.685
508.586 89.841
508.864 111.175
509.142 135.385
509.419 107.070
509.697 69.101
509.975 107.831
510.252 140.671
510.530 130.012
510.808 90.195
511.085 61.094
511.363 99.778
511.640 99.777
511.918 59.158
512.196 80.434
512.473 93.973
512.751 87.286
513.029 80.509
513.306 82.525
513.584 33.138
513.862 26.347
514.139 68.120
514.417 69.157
514.695 80.818
514.972 76.033
515.250 81.948
515.528 97.622
515.805 80.077
516.083 62.594
516.361 78.279
516.638 96.833
516.916 90.085
517.194 76.399
517.471 92.039
517.749 84.300
518.027 68.644
518.304 89.191
518.582 71.578
518.860 89.190
519.137 93.103
519.415 78.349
519.693 47.067
519.970 68.572
520.248 86.167
520.526 67.527
520.803 89.987
521.081 118.307
521.358 87.947
521.636 50.873
521.914 59.595
522.191 74.214
522.469 79.983
522.747 78.932
523.024 66.286
523.302 61.361
523.580 48.680
523.857 75.864
524.135 83.549
524.413 31.172
524.690 88.311
524.968 126.101
525.246 110.597
525.523 101.777
525.801 68.862
526.079 27.235
526.356 29.170
526.634 64.988
526.912 92.971
527.189 64.924
527.467 58.153
527.745 94.903
528.022 93.935
528.300 92.877
528.578 93.843
528.855 57.127
529.133 59.059
529.411 69.619
529.688 62.861
529.966 71.548
530.244 75.408
530.521 94.713
530.799 102.434
531.077 40.657
531.354 50.309
531.632 71.544
531.909 58.030
532.187 83.125
532.465 90.847
532.742 93.742
533.020 83.123
533.298 69.542
533.575 89.792
533.853 107.149
534.131 75.398
534.408 67.610
534.686 62.788
534.964 64.716
535.241 73.394
535.519 87.858
535.797 95.572
536.074 62.785
536.352 54.105
536.630 59.832
536.907 70.429
537.185 83.916
537.463 54.960
537.740 53.997
538.018 65.546
538.296 72.213
538.573 116.443
538.851 139.385
539.129 113.448
539.406 83.588
539.684 79.672
539.962 109.393
540.239 112.161
540.517 116.950
540.795 118.865
541.072 142.674
541.350 131.064
541.627 138.712
541.905 153.860
542.183 167.072
542.460 140.353
542.738 115.433
543.016 147.704
543.293 181.989
543.571 185.621
543.849 189.426
544.126 183.542
544.404 161.524
544.682 201.409
544.959 186.986
545.237 190.780
545.515 191.547
545.792 169.745
546.070 160.114
546.356 159.962
546.642 153.338
546.928 117.276
547.214 88.920
547.500 98.278
547.786 108.664
548.072 62.335
548.358 62.334
548.644 118.937
548.930 144.272
549.216 116.105
549.502 96.293
549.788 111.387
550.074 142.518
550.360 93.549
550.646 74.663
550.932 70.007
551.218 93.724
551.504 119.380
551.790 119.492
552.076 89.329
552.362 97.018
552.648 99.964
552.934 128.752
553.220 93.659
553.506 58.430
553.793 27.861
554.079 25.032
554.365 96.302
554.651 99.379
554.937 98.605
555.223 119.124
555.509 138.753
555.795 120.440
556.081 109.866
556.367 50.634
556.653 62.367
556.939 94.499
557.225 93.615
557.511 91.755
557.797 90.778
558.083 99.655
558.369 125.045
558.655 92.908
558.941 52.829
559.227 87.042
559.513 100.628
559.799 74.260
560.085 121.252
560.371 107.566
560.657 60.704
560.943 76.359
561.229 106.795
561.515 93.173
561.801 108.859
562.087 114.853
562.373 115.947
562.659 121.840
562.945 140.504
563.231 140.641
563.517 133.757
563.803 148.652
564.089 110.265
564.375 115.299
564.661 107.522
564.947 117.383
565.233 64.191
565.519 92.910
565.805 162.079
566.091 159.271
566.377 115.749
566.663 113.770
566.949 101.900
567.235 109.812
567.521 105.960
567.807 108.929
568.093 148.679
568.379 190.304
568.665 139.897
568.951 109.142
569.237 142.871
569.524 94.353
569.810 70.449
570.096 101.202
570.382 135.923
570.668 132.946
570.954 147.680
571.240 188.313
571.526 197.232
571.812 197.231
572.098 219.251
572.384 239.092
572.670 222.226
572.956 199.407
573.242 186.510
573.528 170.467
573.814 216.056
574.100 225.742
574.386 181.186
574.672 165.180
574.958 185.951
575.244 174.081
575.530 152.319
575.816 209.687
576.102 220.567
576.388 214.631
576.674 226.500
576.960 249.249
577.252 230.454
577.543 234.178
577.835 220.344
578.127 221.112
578.418 186.377
578.710 215.961
579.002 271.905
579.293 277.816
579.585 253.184
579.877 266.977
580.168 263.760
580.460 259.822
580.752 273.332
581.043 296.930
581.335 334.948
581.627 319.898
581.918 317.623
582.210 379.994
582.502 428.545
582.793 438.878
583.085 435.945
583.376 456.026
583.668 478.019
583.960 535.579
584.251 618.877
584.543 685.153
584.835 863.514
585.126 1165.496
585.418 1573.480
585.710 3986.345
586.001 12915.415
586.293 27568.475
586.585 40168.893
586.876 50315.494
587.168 55333.616
587.460 56127.020
587.751 54704.415
588.043 49494.143
588.335 41032.902
588.626 32106.544
588.918 24686.001
589.210 19526.116
589.501 16417.588
589.793 14465.068
590.085 13177.276
590.376 12021.288
590.668 10731.538
590.960 9545.490
591.251 8155.955
591.543 6986.367
591.835 5925.260
592.126 4773.950
592.418 3688.595
592.710 2780.738
593.001 2074.699
593.293 1597.999
593.585 1277.879
593.876 1092.261
594.168 938.653
594.460 781.825
594.751 684.453
595.043 562.313
595.334 526.763
595.626 473.103
595.918 416.924
596.209 374.319
596.501 332.610
596.793 365.878
597.084 359.379
597.376 307.770
597.668 309.052
597.959 337.842
598.251 307.691
598.543 244.760
598.834 236.142
599.126 254.107
599.418 278.026
599.709 217.095
600.001 201.498
600.293 225.435
600.584 221.478
600.876 225.657
601.168 185.429
601.459 173.695
601.751 174.861
602.043 176.848
602.334 223.789
602.626 210.067
602.918 139.488
603.209 146.758
603.501 209.904
603.793 192.095
604.084 150.202
604.376 136.310
604.668 124.398
604.959 103.416
605.251 112.573
605.543 156.996
605.834 140.016
606.126 101.811
606.418 112.014
606.709 72.693
607.001 77.826
607.292 141.733
607.584 146.947
607.876 113.593
608.167 125.902
608.459 175.877
608.751 162.816
609.042 152.788
609.334 125.392
609.626 123.476
609.917 122.578
610.209 158.527
610.501 180.204
610.792 220.388
611.084 220.613
611.376 253.727
611.667 277.650
611.959 231.590
612.251 171.003
612.542 158.795
612.834 158.794
613.126 165.155
613.417 178.768
613.709 179.801
614.001 182.057
614.292 194.478
614.584 147.893
614.876 149.082
615.167 143.899
615.459 98.302
615.751 137.679
616.042 154.259
616.334 104.408
616.626 70.246
616.917 127.049
617.209 97.058
617.501 103.155
617.792 137.103
618.084 115.311
618.376 62.604
618.667 84.121
618.959 122.922
619.250 101.278
619.542 87.868
619.834 106.073
620.125 91.678
620.417 103.710
620.709 107.563
621.000 104.407
621.292 113.313
621.584 93.872
621.875 99.635
622.167 106.476
622.459 102.245
622.750 107.049
623.042 113.833
623.334 93.645
623.625 50.578
623.917 57.428
624.209 94.974
624.500 104.676
624.792 108.525
625.084 100.420
625.375 106.231
625.667 108.971
625.959 71.535
626.250 88.146
626.542 86.993
626.834 54.671
627.125 75.164
627.417 66.292
627.709 59.448
628.000 111.256
628.292 103.434
628.584 71.175
628.875 42.868
629.167 87.963
629.459 70.332
629.750 68.439
630.042 87.236
630.334 73.483
630.625 101.086
630.917 99.216
631.208 59.962
631.500 92.597
631.792 124.308
632.083 80.908
632.375 46.334
632.667 67.191
632.958 67.257
633.250 65.337
633.542 97.306
633.833 93.418
634.125 85.534
634.417 99.590
634.708 89.788
635.000 80.868
635.292 65.918
635.583 100.085
635.875 65.044
636.167 89.228
636.458 145.655
636.750 82.356
637.042 73.366
637.333 64.357
637.625 57.408
637.917 81.756
638.208 110.207
638.500 74.896
638.792 68.944
639.083 100.683
639.375 148.896
639.667 124.635
639.958 127.966
640.250 147.755
640.542 131.580
640.833 159.714
641.125 135.085
641.417 109.370
641.708 113.623
642.000 96.023
642.292 66.070
642.583 66.000
642.875 114.653
643.166 110.397
643.458 99.951
643.750 88.403
644.041 75.952
644.333 86.073
644.625 98.202
644.916 107.102
645.208 60.964
645.500 61.794
645.791 71.820
646.083 71.528
646.375 74.335
646.666 90.190
646.958 97.835
647.250 67.534
647.541 51.426
647.833 52.212
648.125 53.043
648.416 73.482
648.708 36.990
649.000 62.235
649.291 69.842
649.583 107.501
649.875 98.475
650.166 98.189
650.458 93.092
650.750 59.233
651.041 73.416
651.333 70.409
651.625 55.021
651.916 54.915
652.208 35.817
652.500 31.956
652.791 48.023
653.083 104.642
653.375 106.430
653.666 47.838
653.958 52.504
654.250 72.228
654.541 56.166
654.833 52.402
655.124 74.908
655.416 59.869
655.708 13.802
655.999 31.641
656.291 84.222
656.583 118.963
656.874 77.647
657.166 45.721
657.458 21.307
657.749 22.244
658.041 50.460
658.333 93.691
658.624 80.532
658.916 48.622
659.208 60.850
659.499 65.614
659.791 64.732
660.083 83.581
660.374 95.923
660.666 65.795
660.958 80.979
661.249 117.005
661.541 78.289
661.833 96.280
662.124 103.005
662.416 94.563
662.708 87.054
662.999 96.641
663.291 72.945
663.583 73.013
663.874 101.680
664.166 123.722
664.458 121.813
664.749 101.870
665.041 101.011
665.333 105.891
665.624 131.853
665.916 206.564
666.208 733.127
666.499 2412.332
666.791 4943.947
667.082 7233.315
667.374 9193.890
667.666 10785.991
667.957 11346.477
668.249 10591.747
668.541 8961.081
668.832 7058.532
669.124 5439.264
669.416 4153.272
669.707 3254.966
669.999 2740.458
670.291 2535.946
670.582 2361.076
670.874 2131.424
671.166 2064.625
671.457 1970.540
671.749 1799.636
672.041 1696.722
672.332 1520.993
672.624 1369.894
672.916 1264.936
673.207 1093.895
673.499 876.086
673.791 733.089
674.082 559.936
674.374 463.109
674.666 378.394
674.957 305.365
675.249 233.309
675.541 216.754
675.832 158.330
676.124 138.855
676.416 149.564
676.707 157.353
676.999 139.824
677.291 109.638
677.582 101.847
677.874 94.147
678.166 58.084
678.457 90.246
678.749 103.890
679.040 66.851
679.332 67.825
679.624 72.696
679.915 76.594
680.207 63.859
680.499 85.280
680.790 43.409
681.082 52.171
681.374 82.274
681.665 77.409
681.957 61.843
682.249 83.242
682.540 86.159
682.832 86.158
683.124 62.749
683.415 74.409
683.707 107.450
683.999 101.617
684.290 70.518
684.582 44.277
684.874 23.868
685.165 38.443
685.457 68.502
685.749 32.578
686.040 58.790
686.332 95.682
686.624 61.640
686.915 75.217
687.207 102.374
687.499 53.876
687.790 40.295
688.082 82.001
688.374 75.210
688.665 70.359
688.957 72.297
689.249 105.273
689.540 104.302
689.832 55.804
690.124 58.712
690.415 109.147
690.707 103.326
690.998 85.866
691.290 83.924
691.582 74.296
691.873 45.168
692.165 50.992
692.457 102.446
692.748 102.445
693.040 71.445
693.332 83.105
693.623 67.554
693.915 45.201
694.207 65.608
694.498 80.262
694.790 48.159
695.082 59.889
695.373 77.414
695.665 76.439
695.957 69.621
696.248 85.199
696.540 128.041
696.839 77.406
697.138 50.141
697.437 97.851
697.736 86.081
698.035 87.052
698.334 126.934
698.633 133.742
698.931 124.012
699.230 73.356
699.529 65.580
699.828 93.761
700.127 112.224
700.426 133.602
700.725 122.057
701.024 76.336
701.323 106.490
701.622 154.154
701.921 176.698
702.220 148.458
702.519 111.456
702.818 98.892
703.116 133.978
703.415 147.766
703.714 191.854
704.013 237.751
704.312 395.362
704.611 1391.450
704.910 4478.916
705.209 8947.552
705.508 12943.632
705.807 16780.830
706.106 19964.127
706.405 20943.461
706.704 19303.970
707.003 16101.711
707.301 12402.594
707.600 9239.603
707.899 7233.696
708.198 5913.727
708.497 4959.992
708.796 4420.542
709.095 3964.885
709.394 3725.989
709.693 3589.353
709.992 3484.098
710.291 3394.086
710.590 3230.118
710.889 2990.503
711.188 2705.070
711.486 2392.276
711.785 2219.874
712.084 2099.713
712.383 1803.588
712.682 1527.244
712.981 1261.100
713.280 981.496
713.579 752.393
713.878 630.877
714.177 526.818
714.476 426.119
714.775 289.816
715.074 278.115
715.372 253.138
715.671 218.390
715.970 185.388
716.269 150.537
716.568 134.654
716.867 153.690
717.166 166.882
717.465 155.847
717.764 142.949
718.063 155.151
718.362 160.175
718.661 105.002
718.960 99.064
719.259 77.992
719.558 81.015
719.856 82.104
720.155 82.102
720.454 107.435
720.753 49.908
721.052 36.762
721.351 63.113
721.650 79.305
721.949 70.194
722.248 31.763
722.547 118.894
722.846 118.892
723.145 56.130
723.444 75.398
723.742 104.808
724.041 98.721
724.340 45.981
724.639 65.315
724.938 55.161
725.237 86.631
725.536 95.766
725.835 53.125
726.134 135.219
726.433 222.438
726.732 459.759
727.031 752.860
727.330 1101.743
727.629 1368.475
727.928 1433.382
728.226 1372.528
728.525 1212.068
728.824 989.168
729.123 751.071
729.422 599.093
729.721 506.380
730.020 455.771
730.319 407.186
730.618 320.827
730.917 300.602
731.216 321.834
731.515 275.042
731.814 286.151
732.112 306.351
732.411 264.668
732.710 274.757
733.009 253.564
733.308 204.919
733.607 200.885
733.906 238.949
734.205 211.757
734.504 168.282
734.803 162.244
735.102 134.943
735.401 142.981
735.700 100.768
735.999 46.448
736.298 37.410
736.596 74.482
736.895 97.549
737.194 96.544
737.493 66.452
737.792 61.435
738.091 46.341
738.390 53.353
738.689 56.357
738.988 65.308
739.287 45.286
739.586 42.281
739.885 77.314
740.184 51.234
740.482 33.232
740.781 49.230
741.080 61.167
741.379 42.184
741.678 21.203
741.977 7.215
742.276 19.182
742.575 55.108
742.874 62.092
743.173 20.174
743.472 42.086
743.771 78.973
744.070 52.052
744.369 56.037
744.668 51.050
744.966 41.078
745.265 53.040
745.564 42.071
745.863 4.183
746.162 52.037
746.461 77.957
746.760 63.000
747.059 32.090
747.358 59.008
747.657 59.006
747.956 42.054
748.255 32.082
748.554 46.038
748.852 42.048
749.151 73.950
749.450 90.897
749.749 60.985
750.048 39.009
750.347 29.047
750.646 44.981
750.945 27.051
751.244 19.081
751.543 23.062
751.842 46.965
752.141 68.875
752.440 75.920
752.739 52.987
753.038 56.973
753.336 72.923
753.635 42.013
753.934 34.069
754.233 29.077
754.532 29.075
754.831 38.055
755.130 67.061
755.429 66.060
755.728 63.061
756.027 49.122
756.326 40.120
756.625 36.117
756.924 28.115
757.222 6.119
757.521 29.140
757.820 76.185
758.119 66.239
758.418 23.150
758.717 35.172
759.016 52.256
759.315 54.314
759.614 23.188
759.913 -2.922
760.212 16.188
760.511 40.330
760.810 27.277
761.109 2.100
761.408 16.227
761.706 52.605
762.005 71.795
762.304 80.965
762.603 56.753
762.902 15.268
763.201 6.154
763.500 42.706
763.806 54.942
764.112 53.978
764.418 55.105
764.724 43.935
765.030 79.728
765.336 81.852
765.641 39.968
765.947 -9.183
766.253 15.446
766.559 59.714
766.865 30.937
767.171 42.350
767.477 54.788
767.783 48.688
768.089 25.965
768.395 13.542
768.701 13.554
769.007 51.119
769.313 83.616
769.618 68.082
769.924 79.765
770.230 58.899
770.536 66.327
770.842 71.739
771.148 57.028
771.454 33.830
771.760 40.213
772.066 16.948
772.372 -9.548
772.678 9.537
772.984 69.980
773.290 56.192
773.595 45.585
773.901 53.005
774.207 57.244
774.513 -12.734
774.819 24.340
775.125 50.766
775.431 64.520
775.737 79.249
776.043 97.216
776.349 56.984
776.655 95.951
776.961 132.728
777.267 127.323
777.572 122.980
777.878 99.739
778.184 99.632
778.490 87.994
778.796 110.936
779.102 126.508
779.408 85.621
779.714 9.328
780.020 35.385
780.326 73.887
780.632 49.874
780.938 26.950
781.244 26.920
781.549 43.487
781.855 31.004
782.161 51.673
782.467 51.563
782.773 11.260
783.079 20.524
783.385 49.336
783.691 46.196
783.997 31.758
784.303 75.870
784.609 74.764
784.915 65.464
785.221 39.805
785.527 -25.678
785.832 25.392
786.138 83.468
786.444 55.885
786.750 35.480
787.056 38.490
787.362 22.204
787.668 13.051
787.974 39.378
788.280 48.396
788.586 27.132
788.892 39.211
789.198 62.354
789.504 25.028
789.809 9.909
790.115 45.073
790.421 51.049
790.727 46.936
791.033 26.893
791.339 32.869
791.645 23.834
791.951 39.791
792.257 33.761
792.563 9.796
792.869 25.720
793.175 50.567
793.481 17.711
793.786 21.663
794.092 10.726
794.398 15.668
794.704 0.798
795.010 -10.086
795.316 18.596
795.622 49.207
795.928 45.207
796.234 58.038
796.540 52.060
796.846 44.168
797.152 32.299
797.458 10.611
797.763 6.665
798.069 14.514
798.375 50.807
798.681 42.911
798.987 28.202
799.293 36.008
799.599 15.422
799.905 -19.787
800.211 -4.149
800.517 -4.148
800.823 -3.175
801.129 16.338
801.435 40.725
801.740 40.683
802.046 13.377
802.352 12.388
802.658 10.429
802.964 28.891
803.270 21.114
803.576 -4.152
803.882 39.496
804.188 55.928
804.494 1.661
804.800 32.634
805.106 43.280
805.412 19.057
805.717 23.867
806.023 32.560
806.329 3.571
806.635 12.252
806.941 5.493
807.247 13.212
807.553 41.162
807.859 61.409
808.165 57.549
808.471 35.367
808.777 -2.242
809.083 35.327
809.389 25.690
809.694 52.611
810.000 49.721
810.306 8.332
810.612 16.991
810.918 62.224
811.224 51.634
811.530 48.744
811.839 49.703
812.148 8.314
812.457 11.199
812.766 28.520
813.076 10.230
813.385 46.801
813.694 27.549
814.003 -17.690
814.312 14.068
814.621 55.505
814.930 21.783
815.239 31.444
815.548 54.585
815.858 27.607
816.167 16.021
816.476 22.797
816.785 42.158
817.094 48.925
817.403 35.417
817.712 15.099
818.021 -0.408
818.330 -0.412
818.640 -2.357
818.949 11.243
819.258 8.333
819.567 44.322
819.876 56.046
820.185 48.348
820.494 24.954
820.803 16.162
821.112 15.197
821.422 28.907
821.731 24.059
822.040 23.098
822.349 47.675
822.658 35.919
822.967 36.936
823.276 78.348
823.585 62.705
823.894 39.048
824.204 33.182
824.513 22.309
824.822 -9.418
825.131 16.405
825.440 30.348
825.749 62.310
826.058 46.401
826.367 4.485
826.676 -8.522
826.986 8.500
827.295 14.523
827.604 48.720
827.913 35.687
828.222 20.635
828.531 10.561
828.840 21.701
829.149 16.676
829.458 27.874
829.768 3.508
830.077 -7.690
830.386 -19.933
830.695 18.838
831.004 32.146
831.313 14.790
831.622 37.366
831.931 46.689
832.240 44.675
832.550 31.330
832.859 17.975
833.168 14.906
833.477 14.933
833.786 18.057
834.095 39.920
834.404 51.458
834.713 71.320
835.022 76.690
835.332 62.122
835.641 45.477
835.950 -9.043
836.259 42.459
836.568 96.285
836.877 19.399
837.186 -12.297
837.495 4.623
837.804 46.030
838.114 68.464
838.423 53.681
838.732 39.861
839.041 81.653
839.350 76.465
839.659 23.968
839.968 46.596
840.277 39.150
840.586 50.029
840.895 58.792
841.205 68.677
841.514 54.691
841.823 65.628
842.132 35.271
842.441 15.651
842.750 33.225
843.059 12.415
843.368 84.024
843.677 83.193
843.987 70.084
844.296 66.906
844.605 82.623
844.914 82.803
845.223 53.934
845.532 -10.899
845.841 31.721
846.150 55.472
846.459 51.136
846.769 -14.437
847.078 2.554
847.387 45.836
847.696 48.274
848.005 48.436
848.314 56.654
848.623 54.599
848.932 21.142
849.241 -11.371
849.551 48.150
849.860 68.325
850.169 57.961
850.478 64.148
850.787 38.289
851.096 30.140
851.405 14.673
851.714 32.957
852.023 28.344
852.333 27.317
852.642 57.363
852.951 60.367
853.260 30.555
853.569 69.088
853.878 28.485
854.187 45.481
854.496 69.210
854.805 46.006
855.115 30.414
855.424 48.934
855.733 66.231
856.042 100.838
856.351 92.886
856.660 54.542
856.969 29.298
857.278 55.783
857.587 74.222
857.897 55.625
858.206 15.947
858.515 25.098
858.824 32.891
859.133 68.004
859.442 79.437
859.751 38.968
860.060 14.277
860.369 50.096
860.679 30.702
860.988 17.828
861.297 36.648
861.606 41.374
861.915 52.305
862.224 85.246
862.533 60.104
862.842 45.062
863.151 3.663
863.461 26.386
863.770 92.669
864.079 57.742
864.388 51.424
864.697 51.002
865.006 26.449
865.315 71.843
865.624 50.907
865.933 1.118
866.243 -4.457
866.552 5.506
866.861 31.746
867.170 13.021
867.479 -4.337
867.788 20.268
868.097 -7.467
868.406 12.592
868.715 66.831
869.025 79.827
869.334 0.977
869.643 -17.439
869.952 -7.175
870.261 -5.116
870.570 32.027
870.879 22.858
871.188 -12.975
871.497 24.573
871.807 45.057
872.116 16.496
872.425 22.215
872.734 35.617
873.043 30.668
873.352 51.569
873.661 14.176
873.970 25.503
874.279 48.087
874.589 30.952
874.898 13.946
875.207 17.628
875.516 21.282
875.825 37.897
876.134 42.413
876.443 42.291
876.752 35.730
877.061 63.150
877.371 25.461
877.680 -11.109
877.989 4.386
878.298 27.080
878.607 56.893
878.916 55.882
879.225 44.044
879.534 50.221
879.843 21.376
880.153 -4.680
880.462 15.037
880.771 20.373
881.080 36.403
881.389 13.161
881.698 -16.226
882.007 6.889
882.316 23.738
882.625 -19.710
882.935 -25.869
883.244 31.542
883.553 70.311
883.862 64.077
884.171 16.467
884.480 6.782
884.789 31.355
885.098 16.410
885.407 41.771
885.717 10.234
886.026 13.706
886.335 17.165
886.644 -12.471
886.953 2.331
887.262 11.889
887.571 18.825
887.880 19.672
888.189 23.987
888.499 24.850
888.808 68.152
889.117 61.215
889.426 41.244
889.735 8.339
890.044 9.193
890.353 11.783
890.662 31.648
890.971 27.322
891.280 20.403
891.590 21.244
891.899 32.494
892.208 41.097
892.517 55.773
892.826 18.619
893.135 28.106
893.444 34.141
893.753 22.038
894.062 28.930
894.372 26.339
894.681 28.921
894.990 47.882
895.299 40.981
895.608 21.148
895.917 36.693
896.226 37.551
896.535 20.290
896.844 9.931
897.154 20.280
897.463 33.218
897.772 35.802
898.081 47.054
898.390 22.025
898.699 34.121
899.008 74.803
899.317 33.305
899.626 9.932
899.936 37.657
900.245 8.196
900.554 22.955
900.863 55.117
901.172 30.812
901.481 29.068
901.790 38.695
902.099 22.159
902.408 5.594
902.718 -18.876
903.027 -9.274
903.336 12.604
903.645 5.599
903.954 40.722
904.263 60.138
904.572 52.310
904.881 49.661
905.190 41.764
905.500 2.963
905.809 44.556
906.118 66.734
906.427 58.861
906.736 66.961
907.045 41.251
907.354 52.024
907.663 29.771
907.972 2.068
908.282 25.406
908.591 11.057
908.900 -15.955
909.209 34.552
909.518 53.645
909.827 7.493
910.136 0.242
910.445 5.696
910.754 10.259
911.064 -4.339
911.373 -14.417
911.682 27.714
911.991 46.125
912.300 36.118
912.615 49.094
912.929 21.473
913.244 24.287
913.558 15.042
913.873 7.629
914.188 39.354
914.502 32.880
914.817 26.382
915.131 41.435
915.446 48.086
915.760 35.929
916.075 26.557
916.390 30.411
916.704 29.515
917.019 8.672
917.333 10.586
917.648 44.918
917.963 32.582
918.277 35.543
918.592 37.489
918.906 47.161
919.221 27.996
919.536 2.007
919.850 32.923
920.165 63.958
920.479 30.128
920.794 50.589
921.108 64.313
921.423 59.554
921.738 29.390
922.052 24.539
922.367 63.874
922.681 81.710
922.996 44.389
923.311 7.909
923.625 22.770
923.940 35.670
924.254 51.623
924.569 28.805
924.884 63.653
925.198 60.782
925.513 38.880
925.827 30.951
926.142 23.944
926.456 32.938
926.771 13.931
927.086 35.924
927.400 50.918
927.715 18.911
928.029 26.904
928.344 35.897
928.659 23.890
928.973 11.884
929.288 -2.123
929.602 -12.130
929.917 20.863
930.232 30.856
930.546 25.849
930.861 37.842
931.175 18.835
931.490 7.828
931.804 6.821
932.119 43.815
932.434 47.808
932.748 71.801
933.063 76.793
933.377 50.786
933.692 22.779
934.007 50.772
934.321 40.765
934.636 32.758
934.950 4.751
935.265 -4.256
935.580 6.737
935.894 4.729
936.209 15.722
936.523 39.715
936.838 66.708
937.152 68.701
937.467 27.693
937.782 -5.314
938.096 36.679
938.411 36.671
938.725 34.664
939.040 19.657
939.355 40.649
939.669 63.642
939.984 24.635
940.298 21.627
940.613 45.620
940.928 52.612
941.242 63.605
941.557 36.597
941.871 15.590
942.186 12.582
942.500 12.575
942.815 14.567
943.130 9.560
943.444 43.552
943.759 60.544
944.073 4.537
944.388 -21.471
944.703 -1.479
945.017 6.514
945.332 59.506
945.646 50.498
945.961 26.491
946.276 24.483
946.590 27.475
946.905 31.467
947.219 82.459
947.534 66.452
947.848 25.444
948.163 38.436
948.478 59.428
948.792 64.420
949.107 66.412
949.421 42.404
949.736 43.396
950.051 45.388
950.365 33.380
950.680 30.372
950.994 35.364
951.309 61.356
951.624 53.348
951.938 63.340
952.253 46.332
952.567 23.324
952.882 31.316
953.196 12.307
953.511 41.299
953.826 15.291
954.140 21.283
954.455 63.274
954.769 46.266
955.084 53.258
955.399 40.250
955.713 28.241
956.028 17.233
956.342 13.224
956.657 65.216
956.972 24.208
957.286 4.199
957.601 6.191
957.915 44.182
958.230 55.174
958.544 41.165
958.859 39.157
959.174 6.148
959.488 -4.860
959.803 32.131
960.117 20.122
960.432 -5.886
960.747 46.105
961.061 85.096
961.376 67.088
961.690 46.079
962.005 35.070
962.320 60.061
962.634 49.053
962.949 29.044
963.263 10.035
963.578 65.026
963.892 59.017
964.207 18.008
964.522 44.999
964.836 49.990
965.151 42.981
965.465 50.972
965.780 45.963
966.101 32.954
966.421 51.945
966.742 37.936
967.063 -3.073
967.384 -5.082
967.704 -20.091
968.025 4.900
968.346 53.891
968.666 23.881
968.987 -7.128
969.308 3.863
969.629 79.854
969.949 48.844
970.270 0.835
970.591 20.826
970.911 59.816
971.232 56.807
971.553 12.797
971.874 14.788
972.194 22.778
972.515 53.769
972.836 46.759
973.156 19.750
973.477 42.740
973.798 91.731
974.118 73.721
974.439 40.712
974.760 40.702
975.081 20.692
975.401 20.682
975.722 45.673
976.043 44.663
976.363 35.653
976.684 56.643
977.005 51.634
977.326 26.624
977.646 19.614
977.967 9.604
978.288 32.594
978.608 29.584
978.929 25.574
979.250 1.564
979.571 28.554
979.891 4.544
980.212 -3.466
980.533 20.524
980.853 2.514
981.174 6.504
981.495 37.493
981.816 31.483
982.136 28.473
982.457 18.463
982.778 21.452
983.098 19.442
983.419 -6.568
983.740 4.421
984.061 20.411
984.381 15.401
984.702 16.390
985.023 27.380
985.343 34.369
985.664 40.359
985.985 25.348
986.305 31.338
986.626 10.327
986.947 50.316
987.268 48.306
987.588 13.295
987.909 -16.716
988.230 6.274
988.550 36.263
988.871 29.252
989.192 33.241
989.513 18.231
989.833 16.220
990.154 14.209
990.475 32.198
990.795 20.187
991.116 11.176
991.437 45.165
991.758 29.154
992.078 -2.857
992.399 13.132
992.720 20.121
993.040 23.110
993.361 9.098
993.682 25.087
994.003 3.076
994.323 -22.935
994.644 -11.947
994.965 20.042
995.285 27.031
995.606 10.019
995.927 -0.992
996.248 -18.003
996.568 42.985
996.889 45.974
997.210 -5.038
997.530 15.951
997.851 18.939
998.172 7.927
998.492 16.916
998.813 -3.096
999.134 -2.108
999.455 14.881
999.775 0.869
1000.096 5.857
1000.417 27.845
1000.737 19.834
1001.058 18.822
1001.379 23.810
1001.700 46.798
1002.020 55.786
1002.341 70.774
1002.662 56.762
1002.982 51.750
1003.303 66.738
1003.624 118.726
1003.945 76.713
1004.265 71.701
1004.586 69.689
1004.907 40.677
1005.227 33.665
1005.548 19.652
1005.869 26.640
1006.190 49.628
1006.510 65.615
1006.831 49.603
1007.152 30.590
1007.472 39.578
1007.793 52.565
1008.114 53.553
1008.435 32.540
1008.755 -10.472
1009.076 -13.485
1009.397 7.502
1009.717 21.489
1010.038 48.477
1010.359 24.464
1010.679 26.451
1011.000 36.438
1011.321 50.425
1011.642 58.412
1011.962 79.399
1012.283 44.386
1012.604 52.373
1012.924 95.360
1013.245 52.347
1013.566 58.334
1013.887 80.321
1014.207 65.308
1014.528 35.295
1014.849 10.281
1015.169 19.268
1015.490 56.255
1015.811 36.241
1016.132 20.228
1016.452 12.215
1016.773 21.201
1017.094 12.188
1017.414 63.174
1017.735 68.161
1018.056 52.147
1018.377 39.133
1018.697 8.120
1019.018 -22.894
1019.339 5.092
1019.659 50.078
1019.980 90.065
1020.301 66.051
1020.622 39.037
1020.942 33.023
1021.263 35.009
1021.584 49.995
1021.904 36.981
1022.225 5.967
1022.546 4.953
1022.867 5.939
1023.187 -8.076
1023.508 21.910
1023.829 38.896
1024.149 21.882
1024.470 31.867
1024.791 38.853
1025.111 22.839
1025.432 65.824
1025.753 73.810
1026.074 75.795
1026.394 48.781
1026.715 36.766
1027.036 27.751
1027.356 44.737
1027.677 18.722
1027.998 6.707
1028.319 44.693
1028.639 29.678
1028.960 24.663
1029.281 51.648
1029.601 27.633
1029.922 38.618
1030.243 47.603
1030.564 42.588
1030.884 38.573
1031.205 19.558
1031.526 36.543
1031.846 57.527
1032.167 43.512
1032.488 36.497
1032.809 70.482
1033.129 47.466
1033.450 31.451
1033.771 13.435
1034.091 -0.580
1034.412 43.404
1034.733 87.389
1035.054 56.373
1035.374 43.358
1035.695 42.342
1036.016 28.326
1036.336 38.310
1036.657 38.295
1036.978 3.279
1037.298 -13.737
1037.619 -4.753
1037.940 45.231
1038.261 47.215
1038.581 65.199
1038.902 52.183
1039.223 34.167
1039.543 49.150
1039.864 5.134
1040.185 7.118
1040.506 50.102
1040.826 27.085
1041.147 70.069
1041.468 83.052
1041.788 32.036
1042.109 56.019
1042.430 61.003
1042.751 35.986
1043.071 29.970
1043.392 16.953
1043.713 19.936
1044.033 50.919
1044.354 24.903
1044.675 17.886
1044.996 40.869
1045.316 15.852
1045.637 51.835
1045.958 86.818
1046.278 91.801
1046.599 31.784
1046.920 22.766
1047.241 33.749
1047.561 32.732
1047.882 47.715
1048.203 47.697
1048.523 29.680
1048.844 12.662
1049.165 34.645
1049.485 36.627
1049.806 -1.390
1050.127 26.592
1050.448 55.575
1050.768 49.557
1051.089 45.539
1051.410 53.521
1051.730 57.503
1052.051 -7.514
1052.372 -33.532
1052.693 14.450
1053.013 28.432
1053.334 48.413
1053.655 51.395
1053.975 19.377
1054.296 -4.641
1054.617 15.341
1054.938 -3.678
1055.258 16.304
1055.579 11.286
1055.900 30.267
1056.220 50.249
1056.541 17.230
1056.862 25.211
1057.183 43.193
1057.503 61.174
1057.824 45.155
1058.145 8.136
1058.465 26.118
1058.786 66.099
1059.107 28.080
1059.428 43.061
1059.748 42.042
1060.069 65.023
1060.390 37.004
1060.710 36.984
1061.031 54.965
1061.352 83.946
1061.672 58.926
1061.993 28.907
1062.314 26.888
1062.635 0.868
1062.955 33.849
1063.276 58.829
1063.597 49.809
1063.917 1.790
1064.238 5.770
1064.559 -0.250
1064.880 -9.270
1065.200 -13.289
1065.521 21.691
1065.842 23.671
1066.162 49.651
1066.483 54.630
1066.804 18.610
1067.125 1.590
1067.445 28.570
1067.766 25.550
1068.087 17.529
1068.407 52.509
1068.728 48.488
1069.049 32.468
1069.370 44.447
1069.690 16.427
1070.011 2.406
1070.332 29.385
1070.652 32.365
1070.973 28.344
1071.294 35.323
1071.615 56.302
1071.935 90.281
1072.256 55.260
1072.577 64.239
1072.897 75.218
1073.218 56.197
1073.539 66.176
1073.859 70.154
1074.180 53.133
1074.501 60.112
1074.822 91.090
1075.142 81.069
1075.463 74.047
1075.784 43.025
1076.104 42.004
1076.425 61.982
1076.746 46.960
1077.067 21.938
1077.387 58.917
1077.708 57.895
1078.029 97.873
1078.349 86.851
1078.670 53.829
1078.991 58.806
1079.312 79.784
1079.632 63.762
1079.953 25.740
1080.274 65.717
1080.594 87.695
1080.915 76.672
1081.236 33.650
1081.557 94.627
1081.877 254.605
1082.198 424.582
1082.519 572.559
1082.839 751.536
1083.160 822.514
1083.481 817.491
1083.802 703.468
1084.122 572.445
1084.443 492.422
1084.764 411.398
1085.084 315.375
1085.405 303.352
1085.726 281.329
1086.046 234.305
1086.367 222.282
1086.688 227.258
1087.009 192.235
1087.329 194.211
1087.650 175.188
1087.971 139.164
1088.291 112.140
1088.612 141.116
1088.933 149.093
1089.254 152.069
1089.574 120.045
1089.895 74.021
1090.216 93.997
1090.536 99.972
1090.857 118.948
1091.178 97.924
1091.499 125.900
1091.819 85.875
1092.140 72.851
1092.475 84.826
1092.810 67.802
1093.145 83.777
1093.480 90.752
1093.816 71.728
1094.151 96.703
1094.486 83.678
1094.821 80.653
1095.156 68.628
1095.491 61.603
1095.826 73.578
1096.161 71.553
1096.497 56.528
1096.832 35.503
1097.167 49.477
1097.502 39.452
1097.837 41.427
1098.172 13.401
1098.507 35.376
1098.842 61.350
1099.178 11.324
1099.513 -6.701
1099.848 39.273
1100.183 48.247
1100.518 22.221
1100.853 24.195
1101.188 42.169
1101.523 32.143
1101.859 44.117
1102.194 67.091
1102.529 40.065
1102.864 -9.962
1103.199 14.012
1103.534 24.986
1103.869 57.959
1104.204 50.933
1104.540 17.906
1104.875 5.879
1105.210 -18.147
1105.545 12.826
1105.880 35.799
1106.215 36.772
1106.550 42.745
1106.885 38.718
1107.221 68.691
1107.556 75.664
1107.891 15.637
1108.226 47.610
1108.561 40.583
1108.896 37.555
1109.231 51.528
1109.566 37.500
1109.902 37.473
1110.237 60.445
1110.572 71.418
1110.907 64.390
1111.242 26.362
1111.577 2.335
1111.912 0.307
1112.247 24.279
1112.583 37.251
1112.918 40.223
1113.253 32.195
1113.588 13.167
1113.923 23.138
1114.258 50.110
1114.593 22.082
1114.928 -24.947
1115.264 -23.975
1115.599 33.997
1115.934 13.968
1116.269 -19.061
1116.604 13.911
1116.939 64.882
1117.274 67.853
1117.609 21.824
1117.945 22.796
1118.280 54.767
1118.615 31.738
1118.950 15.709
1119.285 25.680
1119.620 26.650
1119.955 17.621
1120.290 3.592
1120.626 -7.437
1120.961 -0.467
1121.296 23.504
1121.631 23.474
1121.966 43.445
1122.301 27.415
1122.636 9.386
1122.971 36.356
1123.306 33.326
1123.642 7.296
1123.977 5.266
1124.312 -5.764
1124.647 18.206
1124.982 -10.824
1125.317 -10.854
1125.652 23.116
1125.987 44.086
1126.323 47.056
1126.658 40.025
1126.993 54.995
1127.328 42.965
1127.663 6.934
1127.998 3.904
1128.333 24.873
1128.668 24.843
1129.004 79.812
1129.339 66.781
1129.674 16.750
1130.009 -17.280
1130.344 60.689
1130.679 60.658
1131.014 33.627
1131.349 15.596
1131.685 16.565
1132.020 -7.466
1132.355 -4.498
1132.690 23.471
1133.025 37.440
1133.360 43.409
1133.695 79.377
1134.030 62.346
1134.366 37.314
1134.701 29.283
1135.036 -9.749
1135.371 -5.780
1135.706 2.188
1136.041 10.156
1136.376 18.125
1136.711 -1.907
1137.047 4.061
1137.382 8.029
1137.717 6.997
1138.052 12.965
1138.387 70.933
1138.722 54.901
1139.057 3.869
1139.392 -18.163
1139.728 12.805
1140.063 31.772
1140.398 32.740
1140.733 11.708
1141.068 -3.325
1141.403 33.643
1141.738 21.610
1142.073 12.578
1142.409 37.545
1142.744 25.513
1143.079 17.480
1143.414 29.448
1143.749 11.415
1144.084 15.382
1144.419 43.349
1144.754 27.317
1145.090 23.284
1145.425 36.251
1145.760 13.218
1146.095 18.185
1146.430 36.152
1146.765 18.119
1147.100 29.086
1147.435 13.053
1147.771 -28.980
1148.106 -34.014
1148.441 -29.047
1148.776 -10.080
1149.111 29.887
1149.446 4.853
1149.781 31.820
1150.116 -2.213
1150.452 -21.247
1150.787 -12.280
1151.122 0.686
1151.457 53.653
1151.792 67.619
1152.127 53.586
1152.462 60.552
1152.797 29.518
1153.133 6.485
1153.468 8.451
1153.803 13.417
1154.138 -14.616
1154.473 -0.650
1154.808 27.316
1155.143 50.282
1155.478 16.248
1155.814 26.215
1156.149 12.181
1156.484 -15.853
1156.819 -0.887
1157.154 58.079
1157.489 30.045
1157.824 4.011
1158.159 33.977
1158.494 1.943
1158.830 -24.091
1159.165 -3.125
1159.500 17.841
1159.835 33.807
1160.170 -23.227
1160.505 -27.262
1160.840 -19.296
1161.175 40.670
1161.511 53.636
1161.846 0.602
1162.181 16.568
1162.516 48.533
1162.851 56.499
1163.186 40.465
1163.521 10.431
1163.856 3.397
1164.192 -10.638
1164.527 -5.672
1164.862 17.294
1165.197 25.259
1165.532 69.225
1165.867 59.191
1166.202 31.157
1166.537 45.122
1166.873 13.088
1167.208 -4.946
1167.543 11.019
1167.878 33.985
1168.213 47.951
1168.548 33.917
1168.883 11.882
1169.218 -5.152
1169.554 2.814
1169.889 26.779
1170.224 43.745
1170.559 51.711
1170.894 46.677
1171.229 11.642
1171.564 36.608
1171.899 27.574
1172.235 1.540
1172.570 3.505
1172.905 3.471
1173.240 17.437
1173.575 25.403
1173.910 33.369
1174.245 17.335
1174.580 14.300
1174.916 46.266
1175.251 49.232
1175.586 98.198
1175.921 306.164
1176.256 670.130
1176.591 1010.096
1176.926 1316.062
1177.261 1445.028
1177.597 1318.994
1177.932 1043.960
1178.267 744.926
1178.602 522.892
1178.937 363.858
1179.272 287.825
1179.607 236.791
1179.942 139.757
1180.278 96.723
1180.613 133.690
1180.948 111.656
1181.283 74.622
1181.618 95.589
1181.953 93.555
1182.288 54.522
1182.623 45.488
1182.959 82.455
1183.294 60.421
1183.629 14.388
1183.964 50.354
1184.299 82.321
1184.634 73.288
1184.969 10.255
1185.304 11.222
1185.640 22.188
1185.975 32.155
1186.310 16.122
1186.645 51.089
1186.980 54.057
1187.315 43.024
1187.650 0.991
1187.985 9.958
1188.320 49.925
1188.656 60.893
1188.991 30.860
1189.326 1.828
1189.661 54.795
1189.996 55.763
1190.331 4.730
1190.666 3.698
1191.001 13.666
1191.337 32.634
1191.672 2.602
1192.007 3.570
1192.342 35.538
1192.677 34.506
1193.012 30.474
1193.347 31.442
1193.682 52.411
1194.018 18.379
1194.353 13.347
1194.688 45.316
1195.023 25.285
1195.358 12.253
1195.693 27.222
1196.028 -18.809
1196.363 -2.840
1196.699 40.129
1197.034 63.098
1197.369 52.067
1197.704 4.037
1198.039 10.006
1198.374 40.976
1198.709 33.945
1199.044 4.915
1199.380 -4.116
1199.715 23.854
1200.050 67.824
1200.385 38.794
1200.720 -12.236
1201.055 -27.265
1201.390 -34.295
1201.725 -34.325
1202.061 39.646
1202.396 16.616
1202.731 1.587
1203.066 9.558
1203.401 -2.471
1203.736 21.500
1204.071 41.471
1204.406 1.442
1204.742 -8.586
1205.077 43.385
1205.412 74.357
1205.747 34.329
1206.082 28.300
1206.417 28.272
1206.752 27.245
1207.087 1.217
1207.423 -7.811
1207.758 38.161
1208.093 16.134
1208.428 3.107
1208.763 30.079
1209.098 24.052
1209.433 34.025
1209.768 41.999
1210.104 46.972
1210.439 27.945
1210.774 -22.081
1211.109 39.893
