149.832 -46.673
150.084 -18.673
150.337 0.327
150.589 4.327
150.841 66.328
151.094 43.328
151.346 -53.672
151.598 -25.672
151.851 -16.672
152.103 18.329
152.355 -27.671
152.608 -48.671
152.860 6.329
153.113 36.329
153.365 -13.671
153.617 54.330
153.870 -58.670
154.122 -66.670
154.374 -36.670
154.627 -36.670
154.879 -24.670
155.131 -6.669
155.384 -5.669
155.636 36.331
155.889 -6.669
156.141 -2.669
156.393 -17.669
156.646 -7.668
156.898 -57.668
157.150 24.332
157.403 -7.668
157.655 -1.668
157.907 15.333
158.160 15.333
158.412 -28.667
158.664 -14.667
158.917 -19.667
159.169 15.333
159.422 7.334
159.674 -34.666
159.926 -43.666
160.179 28.334
160.431 -20.666
160.683 -8.666
160.936 69.335
161.188 -8.665
161.440 -9.665
161.693 -14.665
161.945 -18.665
162.198 35.335
162.450 0.336
162.702 -1.664
162.955 -30.664
163.207 -37.664
163.459 -56.664
163.712 -4.663
163.964 -42.663
164.216 -11.663
164.469 -36.663
164.721 -33.663
164.974 8.337
165.226 27.338
165.478 55.338
165.731 -9.662
165.983 -19.662
166.235 17.338
166.488 -24.661
166.740 -14.661
166.992 -26.661
167.245 -14.661
167.497 -5.661
167.749 -31.661
168.002 -50.660
168.254 37.340
168.507 31.340
168.759 -8.660
169.011 14.340
169.264 11.341
169.516 -1.659
169.768 12.341
170.021 -4.659
170.273 -50.659
170.525 -55.659
170.778 13.342
171.030 -16.658
171.283 -9.658
171.535 -66.658
171.787 -55.658
172.040 21.343
172.292 -12.657
172.544 35.343
172.797 29.343
173.049 5.343
173.301 14.343
173.554 -4.656
173.806 -18.656
174.058 -47.656
174.311 -22.656
174.563 -37.656
174.816 -10.655
175.068 -43.655
175.320 32.345
175.573 27.345
175.825 -7.655
176.077 -13.655
176.330 -53.654
176.582 -45.654
176.834 -52.654
177.087 -35.654
177.339 35.346
177.592 -52.653
177.844 -6.653
178.096 -7.653
178.349 6.347
178.601 6.347
178.853 -62.653
179.106 -3.652
179.358 24.348
179.610 -14.652
179.863 20.348
180.115 -61.652
180.368 -5.651
180.620 -17.651
180.872 -15.651
181.125 -35.651
181.377 6.349
181.629 1.350
181.882 0.350
182.134 14.350
182.386 23.350
182.639 -4.650
182.891 -30.650
183.143 -3.649
183.396 -34.649
183.648 -16.649
183.901 12.351
184.153 4.351
184.405 -0.648
184.658 18.352
184.910 7.352
185.158 42.352
185.406 -19.648
185.654 -45.647
185.903 -18.647
186.151 0.353
186.399 -36.647
186.647 16.353
186.895 23.354
187.143 -7.646
187.392 -1.646
187.640 -21.646
187.888 -24.646
188.136 -23.646
188.384 -5.645
188.632 -30.645
188.881 15.355
189.129 2.355
189.377 -25.645
189.625 4.356
189.873 -22.644
190.121 -13.644
190.369 9.356
190.618 26.356
190.866 -31.643
191.114 -19.643
191.362 -7.643
191.610 -37.643
191.858 -5.643
192.107 -10.642
192.355 20.358
192.603 17.358
192.851 -24.642
193.099 -15.642
193.347 -67.641
193.596 -68.641
193.844 -12.641
194.092 3.359
194.340 32.359
194.588 1.360
194.836 -6.640
195.085 -47.640
195.333 -15.640
195.581 20.360
195.829 -7.639
196.077 -43.639
196.325 -17.639
196.573 3.361
196.822 19.361
197.070 32.362
197.318 -26.638
197.566 -20.638
197.814 -18.638
198.062 33.362
198.311 -19.637
198.559 12.363
198.807 35.363
199.055 24.363
199.303 2.363
199.551 -45.637
199.800 0.364
200.048 -45.636
200.296 -1.636
200.544 -11.636
200.792 -12.636
201.040 -42.635
201.288 0.365
201.537 7.365
201.785 -36.635
202.033 -63.634
202.281 -43.634
202.529 -11.634
202.777 -13.634
203.026 -59.634
203.274 -25.633
203.522 -32.633
203.770 -11.633
204.018 7.367
204.266 8.367
204.515 -34.632
204.763 10.368
205.011 -13.632
205.259 16.368
205.507 -21.632
205.755 -1.631
206.004 -26.631
206.252 -16.631
206.500 -7.631
206.748 -7.631
206.996 -48.630
207.244 -2.630
207.492 -3.630
207.741 20.370
207.989 -13.630
208.237 -34.629
208.485 -41.629
208.733 -22.629
208.981 -57.629
209.230 -3.629
209.478 -6.628
209.726 -2.628
209.974 20.372
210.222 8.372
210.470 -26.628
210.719 -43.627
210.967 28.373
211.215 7.373
211.463 7.373
211.711 4.373
211.959 -22.626
212.207 -50.626
212.456 11.374
212.704 -10.626
212.952 -4.625
213.200 -16.625
213.448 20.375
213.696 -13.625
213.945 32.375
214.193 -37.624
214.441 -12.624
214.689 17.376
214.937 -16.624
215.185 -1.624
215.434 -16.623
215.682 -3.623
215.930 -14.623
216.178 -25.623
216.426 3.377
216.674 2.378
216.922 -23.622
217.171 -14.622
217.419 -18.622
217.667 58.379
217.915 44.379
218.163 -10.621
218.411 9.379
218.660 22.379
218.908 -3.620
219.156 -55.620
219.404 -7.620
219.652 -28.620
219.900 -16.620
220.149 -0.619
220.397 -37.619
220.645 -18.619
220.893 -3.619
221.141 -9.619
221.389 22.382
221.638 -22.618
221.886 -14.618
222.134 -8.618
222.382 -2.617
222.630 -19.617
222.878 -44.617
223.126 -13.617
223.375 19.383
223.623 23.384
223.871 -42.616
224.119 -18.616
224.367 -34.616
224.615 13.385
224.864 10.385
225.112 7.385
225.360 10.385
225.608 11.385
225.856 -14.614
226.104 -5.614
226.353 -15.614
226.601 -52.614
226.849 -54.614
227.097 -25.613
227.345 -10.613
227.593 26.387
227.841 26.387
228.090 16.388
228.338 -12.612
228.586 44.388
228.834 -13.612
229.082 0.388
229.330 13.389
229.579 -25.611
229.827 -1.611
230.075 -29.611
230.323 21.390
230.571 -12.610
230.819 -44.610
231.068 10.390
231.316 -27.610
231.564 -37.609
231.812 9.391
232.060 20.391
232.308 -0.609
232.557 -6.608
232.805 -1.608
233.053 -28.608
233.301 -36.608
233.549 -43.608
233.797 -37.607
234.045 -6.607
234.294 17.393
234.542 3.393
234.790 -9.606
235.038 -30.606
235.286 -35.606
235.534 37.394
235.783 -12.606
236.031 -42.605
236.279 -9.605
236.527 -24.605
236.775 8.395
237.023 -26.604
237.272 20.396
237.520 45.396
237.768 16.396
238.016 11.396
238.264 -5.603
238.512 -53.603
238.760 -8.603
239.009 -33.603
239.257 -17.602
239.505 -10.602
239.753 44.398
240.001 -59.602
240.249 -26.601
240.498 26.399
240.746 35.399
240.994 -28.601
241.242 -30.601
241.490 8.400
241.738 -53.600
241.987 18.400
242.235 -1.600
242.483 59.401
242.731 25.401
242.979 14.401
243.227 32.401
243.475 -42.598
243.724 -8.598
243.972 -13.598
244.220 -26.598
244.468 -17.598
244.716 -31.597
244.964 -1.597
245.213 -14.597
245.461 -8.597
245.709 -9.596
245.957 21.404
246.205 0.404
246.453 9.404
246.702 -53.595
246.950 36.405
247.198 17.405
247.446 23.405
247.694 36.405
247.942 -34.594
248.191 -12.594
248.439 -30.594
248.687 -21.594
248.935 47.407
249.183 -9.593
249.431 -0.593
249.679 15.407
249.928 7.408
250.176 0.408
250.424 -57.592
250.672 -17.592
250.920 -11.591
251.168 -8.591
251.417 10.409
251.665 13.409
251.913 -22.590
252.161 -8.590
252.409 19.410
252.657 -19.590
252.906 -56.590
253.154 -11.589
253.402 -3.589
253.650 59.411
253.905 11.411
254.161 -4.588
254.416 -5.588
254.672 -1.588
254.927 -24.588
255.183 16.413
255.438 -36.587
255.694 -4.587
255.949 40.413
256.205 4.414
256.460 -63.586
256.715 11.414
256.971 16.414
257.226 -36.585
257.482 -18.585
257.737 -39.585
257.993 24.415
258.248 -33.584
258.504 -31.584
258.759 9.416
259.014 -48.584
259.270 -35.583
259.525 -1.583
259.781 8.417
260.036 27.417
260.292 -13.583
260.547 -46.582
260.803 -46.582
261.058 -56.582
261.314 34.418
261.569 1.419
261.824 23.419
262.080 -14.581
262.335 6.419
262.591 25.420
262.846 12.420
263.102 -19.580
263.357 16.420
263.613 -20.579
263.868 -28.579
264.123 28.421
264.379 -15.579
264.634 -19.578
264.890 -42.578
265.145 5.422
265.401 -34.578
265.656 -26.577
265.912 -14.577
266.167 21.423
266.423 16.423
266.678 -25.576
266.933 3.424
267.189 18.424
267.444 20.424
267.700 -31.575
267.955 -15.575
268.211 -32.575
268.466 -22.575
268.722 -5.574
268.977 52.426
269.232 3.426
269.488 6.426
269.743 69.427
269.999 32.427
270.254 -3.573
270.510 -21.573
270.765 -23.572
271.021 -10.572
271.276 -5.572
271.532 -8.572
271.787 -15.571
272.042 8.429
272.298 -1.571
272.553 -31.570
272.809 -32.570
273.064 -35.570
273.320 -15.570
273.575 -54.569
273.831 20.431
274.086 62.431
274.342 -28.569
274.597 -1.568
274.852 -8.568
275.108 30.432
275.363 2.432
275.619 -27.567
275.874 -27.567
276.130 6.433
276.385 2.433
276.641 38.434
276.896 67.434
277.151 -0.566
277.407 -17.566
277.662 4.435
277.918 12.435
278.173 -7.565
278.429 -2.565
278.684 -39.564
278.940 14.436
279.195 19.436
279.451 15.437
279.706 -35.563
279.961 -58.563
280.217 49.437
280.472 -1.562
280.728 -68.562
280.983 -36.562
281.239 44.438
281.494 -10.561
281.750 -59.561
282.005 17.439
282.260 27.439
282.516 17.440
282.771 -4.560
283.027 -61.560
283.282 0.440
283.538 37.441
283.793 6.441
284.049 4.441
284.304 -17.558
284.560 -10.558
284.815 -26.558
285.070 -34.558
285.326 28.443
285.581 -6.557
285.837 15.443
286.092 9.443
286.348 -23.556
286.603 14.444
286.859 -4.556
287.114 -14.556
287.369 -35.555
287.625 -13.555
287.880 -46.555
288.136 -0.554
288.391 32.446
288.647 -15.554
288.902 -26.554
289.158 -29.553
289.413 -54.553
289.669 -29.553
289.924 -25.553
290.179 -17.552
290.435 -9.552
290.690 8.448
290.946 12.449
291.201 8.449
291.457 -43.551
291.712 -3.551
291.968 -14.550
292.223 -56.550
292.479 8.450
292.734 -4.550
292.989 10.451
293.245 -7.549
293.500 -23.549
293.756 -18.548
294.011 32.452
294.267 0.452
294.522 -9.548
294.778 20.453
295.033 4.453
295.288 -22.547
295.544 8.454
295.799 7.454
296.055 29.454
296.310 -30.546
296.566 -45.545
296.821 21.455
297.077 18.455
297.332 -61.545
297.588 23.456
297.843 1.456
298.098 40.456
298.354 -34.543
298.609 -45.543
298.865 -32.543
299.120 -27.543
299.376 12.458
299.631 -15.542
299.887 -33.542
300.142 -18.541
300.397 -7.541
300.653 -22.541
300.908 20.459
301.164 -6.540
301.419 -31.540
301.675 -46.540
301.930 5.461
302.186 -1.539
302.441 4.461
302.697 -22.539
302.952 -3.538
303.207 -21.538
303.463 -36.538
303.718 -3.537
303.974 -17.537
304.229 -33.537
304.485 -27.537
304.740 -70.536
304.996 -15.536
305.251 -40.536
305.506 -31.535
305.762 46.465
306.017 20.465
306.273 21.465
306.528 51.466
306.784 21.466
307.039 2.466
307.295 3.467
307.550 4.467
307.806 10.467
308.061 6.467
308.316 -18.532
308.572 -32.532
308.827 -41.532
309.083 10.469
309.338 -38.531
309.594 -14.531
309.849 9.469
310.105 -65.530
310.360 -68.530
310.615 22.470
310.871 -5.529
311.126 -3.529
311.382 -2.529
311.637 -25.529
311.893 -44.528
312.148 -6.528
312.404 -31.528
312.659 -14.527
312.915 -4.527
313.170 -14.527
313.433 16.474
313.696 -28.526
313.959 5.474
314.221 26.474
314.484 -2.525
314.747 -10.525
315.010 -3.525
315.273 -31.524
315.536 -15.524
315.799 -32.524
316.062 -42.523
316.324 -38.523
316.587 -18.523
316.850 -4.523
317.113 -10.522
317.376 -6.522
317.639 -11.522
317.902 34.479
318.164 38.479
318.427 20.479
318.690 10.480
318.953 -64.520
319.216 -1.520
319.479 16.480
319.742 19.481
320.004 -22.519
320.267 28.481
320.530 4.482
320.793 13.482
321.056 45.482
321.319 24.483
321.582 -22.517
321.845 1.483
322.107 11.483
322.370 5.484
322.633 -24.516
322.896 -7.516
323.159 20.485
323.422 -11.515
323.685 19.485
323.947 40.486
324.210 8.486
324.473 -16.514
324.736 19.487
324.999 -55.513
325.262 -26.513
325.525 -69.513
325.787 -6.512
326.050 10.488
326.313 49.488
326.576 36.489
326.839 -27.511
327.102 7.489
327.365 -54.510
327.628 -18.510
327.890 -8.510
328.153 -42.509
328.416 6.491
328.679 35.491
328.942 26.492
329.205 18.492
329.468 32.492
329.730 -8.508
329.993 33.493
330.256 -25.507
330.519 -56.507
330.782 -31.506
331.045 -0.506
331.308 -16.506
331.570 -50.505
331.833 -35.505
332.096 -36.505
332.359 -31.504
332.622 -14.504
332.885 -10.504
333.148 2.497
333.411 34.497
333.673 13.497
333.936 -34.502
334.199 47.498
334.462 -6.502
334.725 -2.502
334.988 -24.501
335.251 -48.501
335.513 -33.501
335.776 -32.500
336.039 -18.500
336.302 -27.500
336.565 -25.499
336.828 -32.499
337.091 17.501
337.354 -35.498
337.616 -67.498
337.879 -44.498
338.142 6.503
338.405 -1.497
338.668 -15.497
338.931 -19.496
339.194 -10.496
339.456 7.504
339.719 4.505
339.982 -33.495
340.245 -25.495
340.508 28.506
340.771 32.506
341.034 -25.494
341.296 -33.493
341.559 6.507
341.822 -17.493
342.085 -21.492
342.348 -34.492
342.611 -61.492
342.874 -6.491
343.137 -21.491
343.399 -60.491
343.662 -20.491
343.925 8.510
344.188 44.510
344.451 -23.490
344.714 -9.489
344.977 -20.489
345.239 -13.489
345.502 -11.488
345.765 37.512
346.028 14.512
346.291 -15.487
346.554 -45.487
346.817 21.513
347.080 20.514
347.342 17.514
347.605 0.514
347.868 5.515
348.131 -39.485
348.394 -55.485
348.657 52.516
348.920 62.516
349.182 -24.484
349.445 -16.483
349.708 -43.483
349.971 -46.482
350.234 -58.482
350.497 -65.482
350.760 7.519
351.022 -7.481
351.285 6.519
351.548 -7.480
351.811 32.520
352.074 6.520
352.337 -2.479
352.600 -20.479
352.863 -7.479
353.125 20.522
353.388 -38.478
353.651 -6.478
353.914 -14.477
354.177 -1.477
354.440 16.523
354.703 7.524
354.965 -38.476
355.228 -9.476
355.491 -21.475
355.754 -28.475
356.017 -80.475
356.280 -8.474
356.543 10.526
356.805 30.526
357.068 -10.473
357.331 -0.473
357.594 -24.473
357.857 6.528
358.120 -43.472
358.383 -22.472
358.646 -10.471
358.908 -11.471
359.171 -13.470
359.434 -13.470
359.697 -55.470
359.960 37.531
360.223 35.531
360.486 26.531
360.748 -38.468
361.011 9.532
361.274 -3.468
361.537 33.533
361.800 3.533
362.063 27.533
362.326 -1.466
362.588 -41.466
362.851 15.534
363.114 -50.465
363.377 -42.465
363.640 -38.464
363.903 8.536
364.166 24.536
364.429 -35.463
364.691 7.537
364.954 37.537
365.217 -1.462
365.480 -0.462
365.745 -31.462
366.009 9.539
366.274 -29.461
366.539 20.539
366.804 -20.460
367.068 -19.460
367.333 4.541
367.598 -4.459
367.863 -8.459
368.127 -29.458
368.392 -5.458
368.657 -40.458
368.921 13.543
369.186 37.543
369.451 40.543
369.716 -21.456
369.980 -0.456
370.245 -37.455
370.510 -19.455
370.775 -11.455
371.039 -33.454
371.304 -50.454
371.569 36.546
371.834 69.547
372.098 23.547
372.363 -24.453
372.628 -48.452
372.892 14.548
373.157 -33.451
373.422 26.549
373.687 -12.451
373.951 16.550
374.216 -25.450
374.481 15.550
374.746 4.551
375.010 19.551
375.275 3.552
375.540 1.552
375.804 -10.448
376.069 34.553
376.334 -30.447
376.599 -32.447
376.863 -7.446
377.128 2.554
377.393 -21.446
377.658 21.555
377.922 34.555
378.187 10.556
378.452 11.556
378.716 -61.444
378.981 -34.443
379.246 12.557
379.511 -12.443
379.775 -31.442
380.040 -21.442
380.305 14.559
380.570 6.559
380.834 -10.441
381.099 -12.440
381.364 -14.440
381.629 -61.439
381.893 -22.439
382.158 -9.439
382.423 -5.438
382.687 17.562
382.952 -15.438
383.217 -5.437
383.482 61.563
383.746 -23.436
384.011 -41.436
384.276 -0.436
384.541 9.565
384.805 -35.435
385.070 -21.435
385.335 -18.434
385.599 -32.434
385.864 -35.433
386.129 10.567
386.394 -1.433
386.658 11.568
386.923 20.568
387.188 8.569
387.453 -17.431
387.717 -17.431
387.982 -20.430
388.247 16.570
388.511 -22.429
388.776 34.571
389.041 -31.429
389.306 9.572
389.570 8.572
389.835 27.572
390.100 12.573
390.365 -10.427
390.629 -25.426
390.894 -22.426
391.159 -23.426
391.424 -39.425
391.688 -14.425
391.953 -4.424
392.218 -22.424
392.482 -5.424
392.747 -47.423
393.012 30.577
393.277 2.578
393.541 6.578
393.806 55.578
394.071 32.579
394.336 10.579
394.600 -12.420
394.865 -10.420
395.130 63.580
395.394 -20.419
395.659 26.581
395.924 15.582
396.189 -37.418
396.453 -6.418
396.718 -1.417
396.983 14.583
397.248 10.584
397.512 -25.416
397.777 4.584
398.042 -2.415
398.306 20.585
398.571 -6.414
398.836 -48.414
399.101 2.586
399.365 -2.413
399.630 -19.413
399.895 -23.412
400.160 -27.412
400.424 24.589
400.689 51.589
400.954 -16.411
401.219 -5.410
401.483 18.590
401.748 32.591
402.013 -4.409
402.277 -25.409
402.542 15.592
402.807 -30.408
403.072 -43.407
403.336 30.593
403.601 16.593
403.866 8.594
404.131 22.594
404.395 -17.405
404.660 -32.405
404.931 37.596
405.202 12.596
405.473 50.596
405.745 31.597
406.016 45.597
406.287 56.598
406.558 4.598
406.829 63.598
407.100 -14.401
407.371 3.599
407.642 9.600
407.914 -2.400
408.185 -47.399
408.456 3.601
408.727 19.601
408.998 -20.398
409.269 14.602
409.540 13.603
409.811 -5.397
410.083 -18.396
410.354 -15.396
410.625 -19.396
410.896 23.605
411.167 20.605
411.438 -10.394
411.709 16.606
411.981 -1.394
412.252 2.607
412.523 9.607
412.794 43.608
413.065 29.608
413.336 50.609
413.607 14.609
413.878 -25.390
414.150 -17.390
414.421 -34.390
414.692 13.611
414.963 33.611
415.234 87.612
415.505 60.612
415.776 48.613
416.047 8.613
416.319 44.613
416.590 -2.386
416.861 -6.386
417.132 26.615
417.403 40.615
417.674 29.616
417.945 51.616
418.217 18.616
418.488 61.617
418.759 74.617
419.030 41.618
419.301 58.618
419.572 44.619
419.843 43.619
420.114 83.620
420.386 6.620
420.657 26.620
420.928 29.621
421.199 45.621
421.470 35.622
421.741 -24.378
422.012 14.623
422.283 25.623
422.555 -15.376
422.826 -2.376
423.097 -29.376
423.368 -21.375
423.639 -12.375
423.910 5.626
424.181 3.626
424.453 15.627
424.724 -12.373
424.995 -19.372
425.266 34.628
425.537 -26.372
425.808 12.629
426.079 -26.371
426.350 1.630
426.622 26.630
426.893 36.631
427.164 27.631
427.435 9.632
427.706 -5.368
427.977 18.633
428.248 1.633
428.519 -0.367
428.791 78.634
429.062 4.634
429.333 32.635
429.604 -5.365
429.875 -64.364
430.146 -1.364
430.417 -11.363
430.689 -35.363
430.960 -30.362
431.231 -4.362
431.502 -28.362
431.773 -16.361
432.044 5.639
432.315 -36.360
432.586 4.640
432.858 18.641
433.129 20.641
433.400 11.642
433.671 46.642
433.942 17.643
434.213 -0.357
434.484 12.644
434.755 13.644
435.027 33.645
435.298 1.645
435.569 13.645
435.840 11.646
436.118 72.646
436.395 65.647
436.673 6.647
436.951 24.648
437.228 -31.352
437.506 -17.351
437.784 -16.351
438.061 -0.350
438.339 -2.350
438.617 -17.349
438.894 -9.349
439.172 15.652
439.450 34.652
439.727 37.653
440.005 -9.347
440.283 -18.346
440.560 -46.346
440.838 -15.346
441.115 -14.345
441.393 -55.345
441.671 18.656
441.948 30.656
442.226 -19.343
442.504 -33.343
442.781 -30.342
443.059 6.658
443.337 35.659
443.614 21.659
443.892 14.660
444.170 20.660
444.447 -2.339
444.725 10.661
445.003 29.662
445.280 6.662
445.558 -21.337
445.836 -1.337
446.113 14.664
446.391 -2.336
446.669 56.665
446.946 -16.335
447.224 -7.334
447.502 -8.334
447.779 9.667
448.057 -19.333
448.335 -8.332
448.612 40.668
448.890 -42.331
449.168 -27.331
449.445 -16.330
449.723 49.670
450.001 35.671
450.278 8.671
450.556 -7.328
450.834 -34.328
451.111 44.673
451.389 34.673
451.666 -14.326
451.944 8.674
452.222 -28.325
452.499 71.675
452.777 30.676
453.055 18.676
453.332 10.677
453.610 19.677
453.888 -15.322
454.165 1.678
454.443 2.679
454.721 34.575
454.998 -10.279
455.276 -7.283
455.554 0.677
455.831 34.440
456.109 11.589
456.387 -2.297
456.664 27.436
456.942 27.409
457.220 -4.274
457.497 36.285
457.775 37.275
458.053 -4.268
458.330 20.461
458.608 -23.060
458.886 -54.711
459.163 -49.765
459.441 12.550
459.719 -39.873
459.996 -2.288
460.274 12.564
460.552 18.505
460.829 -17.155
461.107 50.239
461.384 -1.298
461.662 2.673
461.940 17.569
462.217 8.641
462.495 26.561
462.773 0.691
463.050 -49.109
463.328 -36.196
463.606 -1.301
463.883 12.671
464.161 24.672
464.439 -11.303
464.716 -15.302
464.994 -14.316
465.272 -26.354
465.549 37.813
465.827 43.831
466.105 -11.345
466.382 26.835
466.660 58.996
466.938 74.147
467.215 16.803
467.493 -49.595
467.771 -0.298
468.048 -11.376
468.326 31.928
468.604 21.858
468.881 -13.388
469.159 4.735
469.437 18.820
469.714 5.742
469.992 -2.306
470.270 -18.402
470.547 -19.408
470.825 20.834
471.102 -14.376
471.380 6.751
471.658 -24.436
471.935 9.770
472.213 -8.330
472.491 -18.379
472.768 -3.300
473.046 16.764
473.324 -15.332
473.601 34.784
473.879 12.728
474.157 -8.292
474.434 -17.284
474.712 -14.269
474.990 63.590
475.267 18.681
475.545 -32.185
475.823 38.565
476.100 -20.179
476.378 -66.878
476.656 50.368
476.933 34.446
477.211 -16.133
477.489 -1.265
477.766 -18.078
478.044 48.146
478.322 21.445
478.599 -9.147
478.877 -6.182
479.155 -48.498
479.432 19.416
479.710 -21.901
479.988 11.520
480.265 -25.782
480.543 -28.697
480.820 20.303
481.098 -31.576
481.376 -14.926
481.653 16.355
481.931 12.433
482.209 56.324
482.486 -23.676
482.764 -5.133
483.042 -8.049
483.319 10.452
483.597 -18.759
483.875 2.661
484.152 -45.977
484.430 24.063
484.708 2.663
484.985 26.009
485.263 33.792
485.541 -25.571
485.818 2.665
486.096 8.510
486.374 -25.569
486.651 17.275
486.929 59.145
487.207 32.887
487.484 47.508
487.762 104.140
488.040 -3.177
488.317 -53.960
488.595 18.324
488.873 -19.799
489.150 -54.064
489.428 -22.775
489.706 -23.754
489.983 27.204
490.261 24.287
490.539 27.259
490.816 18.436
491.094 -16.961
491.371 -56.347
491.649 6.652
491.927 -18.982
492.204 -59.415
492.482 -34.794
492.760 31.346
493.037 -0.243
493.315 28.442
493.593 -23.980
493.870 18.571
494.148 5.700
494.426 -52.768
494.703 7.689
494.981 7.697
495.259 -24.048
495.536 -16.111
495.814 27.568
496.092 40.478
496.369 -11.160
496.647 -29.063
496.925 -9.182
497.202 30.580
497.480 46.485
497.758 24.642
498.035 -1.229
498.313 29.618
498.591 24.668
498.868 25.664
499.146 35.625
499.424 40.606
499.701 29.680
499.979 -4.218
500.257 21.683
500.534 -13.176
500.812 43.597
501.089 50.570
501.367 31.646
501.645 38.619
501.922 3.759
502.200 28.631
502.478 4.751
502.755 21.667
503.033 -41.019
503.311 -37.995
503.588 11.696
503.866 8.717
504.144 -5.180
504.421 -5.174
504.699 -1.208
504.977 -2.195
505.254 -24.920
505.532 -83.055
505.810 -34.697
506.087 -17.930
506.365 23.386
506.643 -32.628
506.920 -36.521
507.198 6.653
507.476 5.662
507.753 -36.376
508.031 51.550
508.309 -46.060
508.586 17.338
508.864 -11.890
509.142 -23.551
509.419 -2.147
509.697 26.011
509.975 19.197
510.252 -16.674
510.530 -11.828
510.808 -24.401
511.085 33.650
511.363 -6.968
511.640 8.507
511.918 10.441
512.196 -13.736
512.473 -18.571
512.751 16.262
513.029 20.135
513.306 12.403
513.584 9.506
513.862 6.596
514.139 51.264
514.417 34.793
514.695 -19.628
514.972 28.992
515.250 34.863
515.528 49.517
515.805 -2.139
516.083 -5.067
516.361 13.483
516.638 -41.204
516.916 -17.783
517.194 32.071
517.471 26.207
517.749 -5.078
518.027 25.255
518.304 13.514
518.582 36.998
518.860 -28.559
519.137 5.688
519.415 -27.552
519.693 -50.035
519.970 1.775
520.248 -46.123
520.526 -44.124
520.803 13.493
521.081 19.354
521.358 -49.933
521.636 -63.591
521.914 -45.984
522.191 20.293
522.469 0.800
522.747 16.364
523.024 -8.927
523.302 7.603
523.580 0.800
523.857 -0.170
524.135 -12.778
524.413 -18.597
524.690 6.615
524.968 16.306
525.246 -30.205
525.523 20.163
525.801 10.484
526.079 2.740
526.356 5.645
526.634 -35.013
526.912 9.509
527.189 -11.767
527.467 9.510
527.745 53.031
528.022 16.281
528.300 6.604
528.578 -1.124
528.855 30.760
529.133 0.809
529.411 -23.322
529.688 2.740
529.966 9.498
530.244 1.776
530.521 -19.458
530.799 49.075
531.077 -7.874
531.354 23.980
531.632 1.780
531.909 -30.073
532.187 7.573
532.465 53.905
532.742 -14.627
533.020 24.949
533.298 11.425
533.575 -17.504
533.853 -22.324
534.131 18.195
534.408 -28.109
534.686 -10.751
534.964 -10.750
535.241 -71.501
535.519 -18.463
535.797 7.574
536.074 -15.569
536.352 -18.461
536.630 -3.992
536.907 -1.101
537.185 22.021
537.463 11.414
537.740 -21.309
538.018 -28.046
538.296 -21.288
538.573 32.559
538.851 47.899
539.129 18.120
539.406 -10.687
539.684 5.623
539.962 17.129
540.239 27.649
540.517 20.945
540.795 -3.958
541.072 20.926
541.350 12.303
541.627 12.304
541.905 -2.034
542.183 28.503
542.460 11.328
542.738 2.738
543.016 73.213
543.293 35.118
543.571 33.182
543.849 42.698
544.126 12.240
544.404 -6.765
544.682 18.877
544.959 3.680
545.237 -2.961
545.515 -4.853
545.792 5.574
546.070 31.138
546.356 19.756
546.642 48.139
546.928 32.971
547.214 27.301
547.500 11.223
547.786 -25.603
548.072 6.497
548.358 8.384
548.644 3.668
548.930 29.113
549.216 7.443
549.502 19.708
549.788 -8.593
550.074 -34.064
550.360 -18.043
550.646 -10.488
550.932 -4.826
551.218 26.391
551.504 -2.940
551.790 -11.473
552.076 38.839
552.362 46.481
552.648 2.758
552.934 13.250
553.220 -2.005
553.506 6.604
553.793 -29.816
554.079 39.292
554.365 53.805
554.651 23.051
554.937 -34.874
555.223 0.877
555.509 20.278
555.795 8.648
556.081 2.826
556.367 18.394
556.653 19.386
556.939 -14.693
557.225 26.229
557.511 65.280
557.797 95.525
558.083 74.134
558.369 57.534
558.655 -8.881
558.941 -15.722
559.227 48.794
559.513 42.888
559.799 -13.752
560.085 17.516
560.371 11.652
560.657 -4.970
560.943 38.084
561.229 -10.850
561.515 -1.056
561.801 20.514
562.087 10.721
562.373 -3.020
562.659 -0.072
562.945 48.062
563.231 47.127
563.517 75.643
563.803 44.222
564.089 11.742
564.375 39.341
564.661 9.795
564.947 -4.997
565.233 42.383
565.519 13.769
565.805 42.426
566.091 44.447
566.377 18.731
566.663 42.470
566.949 56.319
567.235 99.841
567.521 177.168
567.807 198.951
568.093 261.587
568.379 277.445
568.665 278.714
568.951 241.016
569.237 194.390
569.524 158.834
569.810 98.161
570.096 68.400
570.382 83.282
570.668 112.053
570.954 123.835
571.240 40.585
571.526 73.292
571.812 49.507
572.098 36.660
572.384 73.367
572.670 67.416
572.956 78.329
573.242 86.266
573.528 67.351
573.814 80.236
574.100 95.999
574.386 34.614
574.672 32.602
574.958 104.809
575.244 119.646
575.530 43.485
575.816 52.388
576.102 105.801
576.388 106.791
576.674 42.499
576.960 82.065
577.252 92.946
577.543 29.614
577.835 89.891
578.127 129.290
578.418 83.799
578.710 53.228
579.002 58.102
579.293 91.600
579.585 86.675
579.877 131.996
580.168 150.568
580.460 113.167
580.752 52.093
581.043 58.977
581.335 115.894
581.627 143.259
581.918 40.179
582.210 133.186
582.502 121.315
582.793 125.107
583.085 148.569
583.376 192.370
583.668 158.037
583.960 198.038
584.251 232.933
584.543 182.252
584.835 169.582
585.126 262.894
585.418 262.895
585.710 294.741
586.001 334.300
586.293 356.653
586.585 415.531
586.876 499.997
587.168 891.366
587.460 3408.341
587.751 9141.473
588.043 14789.730
588.335 22443.800
588.626 29056.204
588.918 33918.608
589.210 36571.710
589.501 35366.284
589.793 32178.301
590.085 27169.581
590.376 21689.630
590.668 16933.148
590.960 12796.521
591.251 9997.104
591.543 8552.873
591.835 7709.033
592.126 6876.832
592.418 6104.767
592.710 5544.147
593.001 4800.987
593.293 4082.541
593.585 3320.717
593.876 2677.375
594.168 2074.922
594.460 1639.748
594.751 1229.817
595.043 970.782
595.334 641.974
595.626 550.268
595.918 497.095
596.209 414.493
596.501 362.062
596.793 259.323
597.084 250.763
597.376 265.716
597.668 189.432
597.959 156.220
598.251 148.508
598.543 96.395
598.834 100.428
599.126 134.026
599.418 67.098
599.709 152.061
600.001 116.639
600.293 115.766
600.584 152.365
600.876 126.774
601.168 120.082
601.459 44.730
601.751 75.591
602.043 104.419
602.334 117.459
602.626 72.756
602.918 103.737
603.209 107.941
603.501 110.050
603.793 66.117
604.084 105.263
604.376 70.264
604.668 46.239
604.959 91.513
605.251 37.280
605.543 86.664
605.834 69.615
606.126 55.559
606.418 78.848
606.709 69.829
607.001 44.597
607.292 91.249
607.584 16.292
607.876 108.695
608.167 63.075
608.459 104.849
608.751 110.049
609.042 68.368
609.334 103.132
609.626 81.788
609.917 19.501
610.209 29.757
610.501 131.223
610.792 119.051
611.084 132.521
611.376 111.076
611.667 42.261
611.959 74.231
612.251 19.670
612.542 45.491
612.834 89.868
613.126 75.499
613.417 136.591
613.709 115.910
614.001 88.081
614.292 175.038
614.584 123.279
614.876 115.118
615.167 77.813
615.459 58.125
615.751 133.774
616.042 94.397
616.334 66.350
616.626 79.809
616.917 81.795
617.209 49.738
617.501 109.605
617.792 110.525
618.084 36.186
618.376 41.256
618.667 56.631
618.959 33.952
619.250 46.213
619.542 56.403
619.834 48.117
620.125 46.028
620.417 38.807
620.709 14.339
621.000 -20.192
621.292 34.561
621.584 15.281
621.875 4.147
622.167 40.357
622.459 68.389
622.750 33.183
623.042 26.118
623.334 33.053
623.625 20.020
623.917 20.974
624.209 16.969
624.500 56.502
624.792 28.779
625.084 6.041
625.375 3.080
625.667 42.407
625.959 30.578
626.250 47.232
626.542 24.614
626.834 47.142
627.125 100.913
627.417 37.277
627.709 29.458
628.000 46.076
628.292 52.920
628.584 -8.662
628.875 41.232
629.167 -6.718
629.459 21.686
629.750 15.826
630.042 52.204
630.334 80.692
630.625 5.060
630.917 62.153
631.208 59.318
631.500 21.865
631.792 65.366
632.083 -38.426
632.375 21.933
632.667 10.063
632.958 102.336
633.250 15.051
633.542 94.684
633.833 54.938
634.125 98.863
634.417 37.086
634.708 25.161
635.000 58.221
635.292 57.278
635.583 60.346
635.875 62.416
636.167 44.389
636.458 -36.048
636.750 17.290
637.042 21.341
637.333 40.536
637.625 69.942
637.917 85.196
638.208 54.889
638.500 107.793
638.792 72.408
639.083 69.499
639.375 83.942
639.667 119.939
639.958 184.802
640.250 226.293
640.542 193.804
640.833 220.005
641.125 180.978
641.417 99.470
641.708 34.357
642.000 93.364
642.292 70.664
642.583 27.114
642.875 106.825
643.166 5.372
643.458 -17.360
643.750 44.533
644.041 33.160
644.333 -5.962
644.625 52.513
644.916 -4.906
645.208 23.676
645.500 3.259
645.791 -7.914
646.083 -2.825
646.375 -4.831
646.666 -3.810
646.958 6.216
647.250 17.160
647.541 -39.550
647.833 30.904
648.125 33.776
648.416 2.179
648.708 13.938
649.000 1.190
649.291 11.898
649.583 -15.320
649.875 23.448
650.166 101.567
650.458 101.275
650.750 84.669
651.041 78.686
651.333 80.447
651.625 94.594
651.916 14.491
652.208 57.200
652.500 56.145
652.791 42.835
653.083 -7.339
653.375 27.608
653.666 -1.663
653.958 22.845
654.250 -25.198
654.541 24.686
654.833 42.561
655.124 3.989
655.416 6.809
655.708 -27.938
655.999 36.852
656.291 59.389
656.583 48.122
656.874 38.734
657.166 31.223
657.458 -16.663
657.749 -4.455
658.041 38.775
658.333 -11.976
658.624 -11.975
658.916 35.993
659.208 41.638
659.499 -6.344
659.791 23.811
660.083 -1.635
660.374 9.685
660.666 21.027
660.958 25.774
661.249 28.638
661.541 5.939
661.833 50.448
662.124 4.999
662.416 -26.304
662.708 -25.378
662.999 -70.078
663.291 -0.686
663.583 0.267
663.874 -27.377
664.166 -21.676
664.458 -35.034
664.749 41.343
665.041 -18.846
665.333 -0.681
665.624 -5.470
665.916 1.237
666.208 -18.895
666.499 -37.146
666.791 14.692
667.082 15.669
667.374 39.709
667.666 33.011
667.957 77.360
668.249 48.507
668.541 22.471
668.832 14.772
669.124 60.198
669.416 25.417
669.707 -26.781
669.999 16.740
670.291 -14.220
670.582 -4.543
670.874 -27.797
671.166 -9.394
671.457 45.893
671.749 20.697
672.041 2.251
672.332 28.466
672.624 11.002
672.916 24.609
673.207 -13.290
673.499 -5.520
673.791 9.073
674.082 -2.599
674.374 8.111
674.666 29.534
674.957 44.141
675.249 8.115
675.541 71.407
675.832 19.802
676.124 -24.014
676.416 12.015
676.707 -8.432
676.999 -33.747
677.291 5.203
677.582 -39.586
677.874 -22.080
678.166 -24.028
678.457 17.884
678.749 -14.278
679.040 13.988
679.332 -4.529
679.624 16.915
679.915 15.942
680.207 17.875
680.499 9.113
680.790 -48.335
681.082 -28.859
681.374 -44.394
681.665 21.755
681.957 -8.399
682.249 24.676
682.540 -31.742
682.832 -22.986
683.124 -0.611
683.415 17.855
683.707 -44.340
683.999 -1.578
684.290 21.747
684.582 -8.378
684.874 5.229
685.165 20.779
685.457 4.255
685.749 -48.170
686.040 -5.450
686.332 -26.808
686.624 -22.901
686.915 -4.471
687.207 -25.808
687.499 8.141
687.790 50.819
688.082 23.663
688.374 23.664
688.665 30.455
688.957 -24.830
689.249 -7.369
689.540 43.068
689.832 -10.276
690.124 2.334
690.415 -16.093
690.707 40.164
690.998 12.038
691.290 13.979
691.582 16.907
691.873 -4.451
692.165 -10.275
692.457 30.503
692.748 58.660
693.040 -18.055
693.332 26.650
693.623 -20.967
693.915 -9.304
694.207 3.331
694.498 -16.120
694.790 -1.527
695.082 28.658
695.373 55.924
695.665 117.269
695.957 173.746
696.248 153.299
696.540 108.510
696.839 82.221
697.138 90.012
697.437 47.171
697.736 30.589
698.035 78.256
698.334 40.320
698.633 16.975
698.931 9.195
699.230 54.863
699.529 2.386
699.828 -24.823
700.127 19.882
700.426 37.376
700.725 26.713
701.024 39.361
701.323 42.281
701.622 71.465
701.921 -1.492
702.220 35.511
702.519 115.356
702.818 69.661
703.116 46.271
703.415 17.049
703.714 31.716
704.013 28.788
704.312 40.548
704.611 56.190
704.910 20.043
705.209 46.509
705.508 43.572
705.807 71.067
706.106 155.535
706.405 128.184
706.704 130.151
707.003 161.745
707.301 182.396
707.600 59.545
707.899 79.232
708.198 67.489
708.497 34.027
708.796 11.346
709.095 -9.372
709.394 -10.357
709.693 39.041
709.992 40.070
710.291 21.279
710.590 14.371
710.889 1.503
711.188 -7.415
711.486 -6.429
711.785 -24.309
712.084 -13.383
712.383 -4.449
712.682 13.446
712.981 -13.405
713.280 -11.413
713.579 33.398
713.878 10.491
714.177 30.443
714.476 21.472
714.775 1.535
715.074 -33.427
715.372 29.512
715.671 41.543
715.970 -0.455
716.269 25.572
716.568 2.553
716.867 -17.485
717.166 47.695
717.465 33.654
717.764 29.674
718.063 4.580
718.362 2.571
718.661 12.636
718.960 -15.547
719.259 -32.698
719.558 4.602
719.856 -29.700
720.155 28.828
720.454 -49.929
720.753 33.946
721.052 -22.675
721.351 47.142
721.650 -13.585
721.949 -30.790
722.248 18.826
722.547 7.683
722.846 -5.487
723.145 -18.675
723.444 -28.815
723.742 16.825
724.041 33.054
724.340 35.085
724.639 44.259
724.938 25.987
725.237 -11.575
725.536 20.914
725.835 -3.449
726.134 14.812
726.433 -22.712
726.732 11.773
727.031 39.158
727.330 78.713
727.629 41.190
727.928 17.865
728.226 23.952
728.525 1.640
728.824 1.642
729.123 25.960
729.422 -17.605
729.721 13.792
730.020 22.903
730.319 -19.606
730.618 23.894
730.917 2.663
731.216 -12.502
731.515 13.775
731.814 -1.375
732.112 21.859
732.411 -31.642
732.710 7.714
733.009 37.988
733.308 -17.492
733.607 -0.353
733.906 6.699
734.205 -19.483
734.504 -82.841
734.803 42.915
735.102 11.718
735.401 -32.501
735.700 3.682
735.999 8.700
736.298 2.678
736.596 9.698
736.895 45.808
737.194 94.958
737.493 95.963
737.792 108.001
738.091 172.023
738.390 168.017
738.689 157.998
738.988 100.785
739.287 129.816
739.586 51.740
739.885 44.735
740.184 67.692
740.482 52.694
740.781 32.696
741.080 -33.269
741.379 10.689
741.678 -5.293
741.977 23.680
742.276 45.615
742.575 34.638
742.874 41.626
743.173 -19.250
743.472 30.622
743.771 20.654
744.070 -11.249
744.369 10.688
744.668 23.651
744.966 7.701
745.265 -41.151
745.564 23.657
745.863 29.641
746.162 -27.187
746.461 21.669
746.760 -64.072
747.059 -61.079
747.358 -1.257
747.657 12.704
747.956 16.694
748.255 54.582
748.554 -23.183
748.852 11.715
749.151 87.489
749.450 105.438
749.749 204.144
750.048 234.819
750.347 260.717
750.646 341.397
750.945 384.227
751.244 316.500
751.543 225.865
751.842 232.839
752.141 148.180
752.440 149.327
752.739 108.451
753.038 91.504
753.336 37.668
753.635 82.535
753.934 24.736
754.233 42.702
754.532 59.670
754.831 62.666
755.130 61.732
755.429 58.737
755.728 60.737
756.027 32.800
756.326 18.802
756.625 64.804
756.924 62.806
757.222 27.836
757.521 -28.218
757.820 37.851
758.119 3.823
758.418 -16.215
758.717 9.839
759.016 17.875
759.315 52.032
759.614 32.958
759.913 -42.384
760.212 -65.563
760.511 -31.356
760.810 18.967
761.109 -20.326
761.408 13.964
761.706 55.395
762.005 182.670
762.304 318.347
762.603 388.510
762.902 484.144
763.201 551.574
763.500 520.664
763.806 455.139
764.112 325.390
764.418 274.068
764.724 209.044
765.030 187.809
765.336 183.914
765.641 137.021
765.947 56.279
766.253 110.754
766.559 89.379
766.865 66.817
767.171 84.501
767.477 134.177
767.783 105.472
768.089 85.983
768.395 127.745
768.701 112.271
769.007 65.584
769.313 44.825
769.618 32.355
769.924 13.538
770.230 26.187
770.536 25.165
770.842 38.933
771.148 63.264
771.454 126.758
771.760 163.932
772.066 205.422
772.372 164.285
772.678 173.831
772.984 82.635
773.290 57.187
773.595 66.733
773.901 69.917
774.207 43.409
774.513 33.831
774.819 66.673
775.125 62.372
775.431 6.290
775.737 26.370
776.043 13.688
776.349 37.963
776.655 16.829
776.961 26.297
777.267 -11.623
777.572 33.607
777.878 -32.602
778.184 -6.332
778.490 -43.011
778.796 5.205
779.102 14.616
779.408 30.277
779.714 -12.549
780.020 -16.705
780.326 8.315
780.632 -59.329
780.938 13.500
781.244 19.719
781.549 -49.800
781.855 -67.363
782.161 -55.903
782.467 24.793
782.773 78.434
783.079 19.592
783.385 16.485
783.691 -20.566
783.997 -3.071
784.303 -8.198
784.609 -2.034
784.915 15.389
785.221 10.258
785.527 5.138
785.832 20.436
786.138 -26.473
786.444 1.051
786.750 4.105
787.056 -12.157
787.362 -23.310
787.668 -21.255
787.974 18.283
788.280 17.237
788.586 22.273
788.892 5.099
789.198 -21.114
789.504 0.058
789.809 -64.325
790.115 0.063
790.421 -3.950
790.727 32.133
791.033 0.071
791.339 19.093
791.645 11.076
791.951 -12.908
792.257 -21.875
792.563 -6.895
792.869 -20.830
793.175 -15.832
793.481 46.811
793.786 52.726
794.092 88.390
794.398 126.957
794.704 133.765
795.010 158.363
795.316 183.094
795.622 97.935
795.928 108.700
796.234 44.537
796.540 79.999
796.846 11.954
797.152 8.989
797.458 -23.497
797.763 49.292
798.069 29.599
798.375 44.293
798.681 -21.434
798.987 10.922
799.293 39.317
799.599 68.636
799.905 83.234
800.211 147.753
800.517 175.932
800.823 207.184
801.129 238.205
801.435 190.402
801.740 160.005
802.046 143.299
802.352 129.544
802.658 91.520
802.964 123.592
803.270 131.369
803.576 97.264
803.882 94.263
804.188 60.259
804.494 7.937
804.800 29.229
805.106 -14.331
805.412 17.601
805.717 13.722
806.023 39.811
806.329 31.118
806.635 60.049
806.941 87.078
807.247 19.514
807.553 35.891
807.859 47.466
808.165 12.753
808.471 -33.532
808.777 6.003
809.083 54.175
809.389 136.066
809.694 155.187
810.000 221.600
810.306 413.133
810.612 596.004
810.918 735.564
811.224 788.502
811.530 859.728
811.839 850.106
812.148 783.699
812.457 657.619
812.766 492.078
813.076 362.148
813.385 230.293
813.694 228.371
814.003 224.524
814.312 161.967
814.621 124.554
814.930 140.934
815.239 124.680
815.548 109.253
815.858 87.161
816.167 129.635
816.476 124.932
816.785 163.741
817.094 146.336
817.403 128.087
817.712 141.780
818.021 179.574
818.330 202.060
818.640 229.443
818.949 238.415
819.258 265.888
819.567 281.455
819.876 243.757
820.185 162.285
820.494 113.618
820.803 115.574
821.112 135.241
821.422 69.818
821.731 40.547
822.040 68.067
822.349 3.304
822.658 53.458
822.967 33.829
823.276 -1.603
823.585 29.000
823.894 0.375
824.204 71.666
824.513 53.901
824.822 43.045
825.131 60.032
825.440 14.324
825.749 31.305
826.058 58.286
826.367 50.355
826.676 55.464
826.986 54.521
827.295 116.766
827.604 32.581
827.913 58.774
828.222 57.888
828.531 24.650
828.840 30.770
829.149 15.638
829.458 5.521
829.768 3.497
830.077 -21.950
830.386 46.328
830.695 31.105
831.004 48.522
831.313 51.699
831.622 16.884
831.931 -55.021
832.240 1.510
832.550 19.023
832.859 32.482
833.168 -37.768
833.477 28.478
833.786 22.287
834.095 -22.361
834.404 -41.154
834.713 20.329
835.022 -24.557
835.332 -3.659
835.641 -24.627
835.950 -12.058
836.259 35.239
836.568 70.091
836.877 -22.683
837.186 -3.676
837.495 6.913
837.804 -19.607
838.114 -16.454
838.423 -0.494
838.732 15.518
839.041 15.555
839.350 -18.706
839.659 -39.109
839.968 27.478
840.277 88.963
840.586 96.719
840.895 109.919
841.205 124.261
841.514 216.926
841.823 260.692
842.132 270.283
842.441 327.771
842.750 235.292
843.059 220.429
843.368 208.804
843.677 211.710
843.987 135.771
844.296 92.791
844.605 39.609
844.914 76.490
845.223 78.900
845.532 111.555
845.841 66.917
846.150 60.390
846.459 97.887
846.769 22.235
847.078 67.770
847.387 -27.744
847.696 54.451
848.005 37.441
848.314 47.931
848.623 19.256
848.932 78.492
849.241 -3.880
849.551 59.191
849.860 -28.555
850.169 27.885
850.478 -8.664
850.787 47.185
851.096 67.806
851.405 59.795
851.714 91.750
852.023 55.865
852.333 90.765
852.642 100.255
852.951 44.748
853.260 17.336
853.569 -11.841
853.878 48.484
854.187 57.858
854.496 26.990
854.805 38.917
855.115 60.100
855.424 27.325
855.733 -6.943
856.042 22.183
856.351 -1.653
856.660 48.748
856.969 50.013
857.278 1.011
857.587 -6.921
857.897 34.044
858.206 12.879
858.515 35.190
858.824 -16.011
859.133 37.582
859.442 11.432
859.751 16.574
860.060 -11.856
860.369 27.953
860.679 11.234
860.988 79.609
861.297 18.683
861.606 -13.993
861.915 19.681
862.224 23.244
862.533 -17.363
862.842 64.278
863.151 27.552
863.461 14.185
863.770 -25.121
864.079 -16.664
864.388 -25.868
864.697 -15.225
865.006 17.086
865.315 -20.674
865.624 23.612
865.933 8.831
866.243 33.239
866.552 9.808
866.861 -15.454
867.170 -5.550
867.479 13.899
867.788 4.170
868.097 42.364
868.406 -5.356
868.715 49.024
869.025 69.419
869.334 30.818
869.643 -28.703
869.952 -17.345
870.261 -40.468
870.570 -34.161
870.879 -33.952
871.188 -58.581
871.497 -23.714
871.807 46.083
872.116 23.379
872.425 11.608
872.734 14.452
873.043 45.169
873.352 35.388
873.661 -36.205
873.970 92.020
874.279 -18.909
874.589 -13.184
874.898 -2.812
875.207 -23.358
875.516 -39.095
875.825 27.844
876.134 -16.632
876.443 6.481
876.752 5.547
877.061 -52.262
877.371 -5.454
877.680 21.937
877.989 -4.506
878.298 32.745
878.607 1.863
878.916 45.264
879.225 -8.966
879.534 -4.437
879.843 27.022
880.153 -12.496
880.462 2.764
880.771 11.708
881.080 34.012
881.389 35.738
881.698 -0.798
882.007 -12.338
882.316 5.424
882.625 -14.954
882.935 2.760
883.244 -31.662
883.553 4.525
883.862 -0.761
884.171 -5.153
884.480 -20.962
884.789 -38.499
885.098 7.153
885.407 -17.373
885.717 1.019
886.026 -41.773
886.335 -30.363
886.644 12.351
886.953 -16.376
887.262 16.686
887.571 5.381
887.880 -28.474
888.189 8.849
888.499 -40.583
888.808 -58.741
889.117 11.454
889.426 -50.023
889.735 -21.448
890.044 3.662
890.353 -22.286
890.662 18.360
890.971 -9.293
891.280 28.740
891.590 45.991
891.899 -7.552
892.208 -18.767
892.517 26.142
892.826 33.026
893.135 30.442
893.444 15.779
893.753 13.183
894.062 -8.364
894.372 -20.428
894.681 -0.596
894.990 -5.764
895.299 -7.484
895.608 -22.135
895.917 -16.973
896.226 7.190
896.535 3.744
896.844 14.102
897.154 11.518
897.463 14.111
897.772 -2.278
898.081 -63.588
898.390 8.963
898.699 -9.183
899.008 -10.051
899.317 25.442
899.626 -23.058
899.936 -3.989
900.245 -13.528
900.554 -11.799
900.863 -31.788
901.172 -30.941
901.481 9.064
901.790 30.861
902.099 2.994
902.408 2.129
902.718 4.759
903.027 3.893
903.336 -36.379
903.645 6.539
903.954 -25.929
904.263 -4.862
904.572 43.592
904.881 13.641
905.190 -3.097
905.500 -14.581
905.809 12.831
906.118 -9.296
906.427 -14.631
906.736 -21.763
907.045 13.822
907.354 1.362
907.663 -36.164
907.972 0.483
908.282 -9.386
908.591 -5.801
908.900 5.005
909.209 17.654
909.518 14.088
909.827 21.352
910.136 12.333
910.445 14.180
910.754 38.824
911.064 54.425
911.373 98.446
911.682 127.046
911.991 116.265
912.300 129.483
912.615 113.122
912.929 132.868
913.244 129.412
913.558 60.949
913.873 22.018
914.188 19.266
914.502 62.298
914.817 62.421
915.131 53.162
915.446 52.328
915.760 40.191
916.075 39.329
916.390 26.201
916.704 48.058
917.019 0.671
917.333 90.117
917.648 -26.007
917.963 -2.173
918.277 -9.836
918.592 1.665
918.906 -12.735
919.221 0.721
919.536 5.550
919.850 3.634
920.165 8.487
920.479 -41.927
920.794 52.264
921.108 -11.893
921.423 -22.642
921.738 27.200
922.052 55.691
922.367 3.743
922.681 39.190
922.996 42.232
923.311 36.393
923.625 27.560
923.940 32.549
924.254 23.683
924.569 -0.144
924.884 -27.004
925.198 -13.093
925.513 30.812
925.827 -25.120
926.142 55.887
926.456 30.893
926.771 1.899
927.086 39.906
927.400 -16.088
927.715 -26.081
928.029 -32.075
928.344 20.932
928.659 -31.062
928.973 -0.055
929.288 0.951
929.602 -28.042
929.917 29.965
930.232 -7.029
930.546 -15.022
930.861 -35.016
931.175 8.991
931.490 -0.002
931.804 -14.996
932.119 -10.989
932.434 7.018
932.748 -39.975
933.063 31.031
933.377 -27.962
933.692 16.045
934.007 -39.948
934.321 -5.942
934.636 14.065
934.950 38.072
935.265 -7.921
935.580 22.086
935.894 0.093
936.209 -19.901
936.523 -23.894
936.838 12.113
937.152 47.120
937.467 -2.873
937.782 -35.866
938.096 -2.859
938.411 -11.852
938.725 -5.845
939.040 29.162
939.355 -22.831
939.669 7.176
939.984 -27.817
940.298 38.191
940.613 -39.802
940.928 -35.795
941.242 56.212
941.557 28.219
941.871 32.226
942.186 -29.766
942.500 -23.759
942.815 -18.752
943.130 -27.745
943.444 -41.737
943.759 16.270
944.073 13.277
944.388 14.285
944.703 -6.708
945.017 -7.701
945.332 -15.693
945.646 -4.686
945.961 -54.679
946.276 -31.671
946.590 -57.664
946.905 -7.656
947.219 -40.649
947.534 14.359
947.848 27.366
948.163 15.374
948.478 -0.619
948.792 -23.611
949.107 -35.603
949.421 -41.596
949.736 -23.588
950.051 11.420
950.365 14.427
950.680 53.435
950.994 4.443
951.309 33.450
951.624 12.458
951.938 13.466
952.253 43.474
952.567 8.481
952.882 15.489
953.196 13.497
953.511 38.505
953.826 -52.487
954.140 33.521
954.455 -16.471
954.769 -5.463
955.084 38.545
955.399 -1.447
955.713 -5.440
956.028 -3.431
956.342 -60.423
956.657 3.585
956.972 4.593
957.286 -19.399
957.601 -24.391
957.915 -4.383
958.230 -52.375
958.544 -22.367
958.859 13.641
959.174 -3.350
959.488 12.658
959.803 20.666
960.117 27.674
960.432 -58.317
960.747 9.691
961.061 -45.301
961.376 -1.292
961.690 13.716
962.005 -3.276
962.320 56.733
962.634 54.741
962.949 -19.250
963.263 -16.242
963.578 52.767
963.892 -67.225
964.207 8.784
964.522 -3.208
964.836 2.801
965.151 35.809
965.465 -33.182
965.780 -21.173
966.101 27.835
966.421 32.844
966.742 -15.147
967.063 -34.139
967.384 -27.130
967.704 16.879
968.025 0.888
968.346 20.897
968.666 -24.095
968.987 5.914
969.308 18.923
969.629 -34.068
969.949 -14.059
970.270 -46.050
970.591 -44.041
970.911 -46.032
971.232 -14.023
971.553 -49.014
971.874 -11.005
972.194 11.004
972.515 -3.987
972.836 1.022
973.156 -31.969
973.477 -6.959
973.798 7.050
974.118 -59.941
974.439 -27.932
974.760 -1.923
975.081 -10.913
975.401 -21.904
975.722 -3.895
976.043 45.115
976.363 10.124
976.684 10.133
977.005 -13.857
977.326 -34.848
977.646 -45.838
977.967 46.171
978.288 -2.819
978.608 20.190
978.929 51.200
979.250 10.209
979.571 -19.781
979.891 -45.771
980.212 -24.762
980.533 -57.752
980.853 39.258
981.174 45.267
981.495 13.277
981.816 3.287
982.136 -6.703
982.457 40.307
982.778 23.316
983.098 3.326
983.419 -14.664
983.740 -40.654
984.061 -31.644
984.381 -14.634
984.702 -10.624
985.023 28.386
985.343 -6.604
985.664 -22.594
985.985 11.416
986.305 27.426
986.626 -6.563
986.947 18.447
987.268 29.457
987.588 27.467
987.909 49.477
988.230 42.488
988.550 -10.502
988.871 -9.492
989.192 0.519
989.513 11.529
989.833 -44.461
990.154 -23.450
990.475 17.560
990.795 12.571
991.116 3.581
991.437 33.592
991.758 5.602
992.078 -15.387
992.399 -29.376
992.720 -14.366
993.040 21.645
993.361 -17.344
993.682 -55.334
994.003 -14.323
994.323 25.688
994.644 15.699
994.965 20.710
995.285 -35.280
995.606 -10.269
995.927 -17.258
996.248 -27.247
996.568 25.764
996.889 -16.225
997.210 -58.214
997.530 -23.203
997.851 -4.192
998.172 -28.180
998.492 2.831
998.813 -27.158
999.134 -61.147
999.455 23.864
999.775 -6.124
1000.096 -27.113
1000.417 -4.102
1000.737 -2.091
1001.058 6.921
1001.379 -39.068
1001.700 -9.056
1002.020 -48.045
1002.341 5.967
1002.662 7.978
1002.982 -6.010
1003.303 -27.999
1003.624 16.013
1003.945 17.025
1004.265 10.036
1004.586 -23.952
1004.907 36.060
1005.227 -30.929
1005.548 -13.917
1005.869 -10.905
1006.190 24.107
1006.510 -8.881
1006.831 8.131
1007.152 28.143
1007.472 -7.845
1007.793 -1.833
1008.114 30.179
1008.435 -8.809
1008.755 5.203
1009.076 27.215
1009.397 21.227
1009.717 37.239
1010.038 17.252
1010.359 -14.736
1010.679 1.276
1011.000 27.288
1011.321 24.301
1011.642 -2.687
1011.962 7.325
1012.283 17.338
1012.604 82.350
1012.924 30.363
1013.245 -1.625
1013.566 -1.612
1013.887 13.401
1014.207 -4.587
1014.528 -41.574
1014.849 -4.561
1015.169 34.451
1015.490 -12.536
1015.811 -1.523
1016.132 22.490
1016.452 17.503
1016.773 18.516
1017.094 3.528
1017.414 -27.459
1017.735 -16.446
1018.056 -25.432
1018.377 -7.419
1018.697 17.594
1019.018 19.607
1019.339 9.620
1019.659 36.633
1019.980 -17.354
1020.301 -46.340
1020.622 -30.327
1020.942 17.686
1021.263 32.700
1021.584 -2.287
1021.904 -7.273
1022.225 9.740
1022.546 -64.246
1022.867 -23.233
1023.187 -44.219
1023.508 -38.206
1023.829 -2.192
1024.149 -18.178
1024.470 30.835
1024.791 -18.151
1025.111 9.863
1025.432 -6.123
1025.753 -32.109
1026.074 -1.095
1026.394 3.919
1026.715 -26.067
1027.036 21.947
1027.356 19.961
1027.677 -19.025
1027.998 31.989
1028.319 -11.997
1028.639 -16.983
1028.960 -38.969
1029.281 27.046
1029.601 -40.940
1029.922 -0.926
1030.243 -2.911
1030.564 18.103
1030.884 20.118
1031.205 63.132
1031.526 -52.853
1031.846 -0.839
1032.167 16.176
1032.488 10.190
1032.809 -0.795
1033.129 -7.780
1033.450 -39.765
1033.771 -0.751
1034.091 17.264
1034.412 -14.721
1034.733 2.294
1035.054 -3.691
1035.374 -37.676
1035.695 -8.661
1036.016 -6.646
1036.336 -12.631
1036.657 -2.616
1036.978 -20.600
1037.298 6.415
1037.619 -15.570
1037.940 -3.555
1038.261 -10.539
1038.581 -22.524
1038.902 17.492
1039.223 3.507
1039.543 -6.478
1039.864 1.538
1040.185 18.554
1040.506 14.569
1040.826 -15.415
1041.147 -21.399
1041.468 -39.384
1041.788 -36.368
1042.109 -21.352
1042.430 -31.336
1042.751 9.680
1043.071 9.696
1043.392 -56.288
1043.713 -62.272
1044.033 12.744
1044.354 31.760
1044.675 -34.224
1044.996 -27.208
1045.316 -5.191
1045.637 7.825
1045.958 -40.159
1046.278 29.858
1046.599 22.874
1046.920 -21.110
1047.241 -25.093
1047.561 -3.076
1047.882 -5.060
1048.203 23.957
1048.523 -44.027
1048.844 -22.010
1049.165 -26.993
1049.485 10.024
1049.806 -6.959
1050.127 90.057
1050.448 -13.926
1050.768 -25.909
1051.089 14.108
1051.410 -10.875
1051.730 1.143
1052.051 33.160
1052.372 -16.823
1052.693 -39.806
1053.013 -7.789
1053.334 -5.771
1053.655 -0.754
1053.975 -11.736
1054.296 -56.719
1054.617 -4.701
1054.938 -14.684
1055.258 -34.666
1055.579 11.351
1055.900 -57.631
1056.220 -45.613
1056.541 -7.595
1056.862 -7.578
1057.183 2.440
1057.503 6.458
1057.824 -18.524
1058.145 -32.506
1058.465 6.512
1058.786 -21.470
1059.107 -16.451
1059.428 1.567
1059.748 -11.415
1060.069 -11.397
1060.390 -26.378
1060.710 10.640
1061.031 -30.342
1061.352 13.677
1061.672 16.695
1061.993 9.714
1062.314 -13.267
1062.635 -5.249
1062.955 -39.230
1063.276 4.789
1063.597 14.808
1063.917 -5.174
1064.238 2.845
1064.559 7.864
1064.880 -2.117
1065.200 -44.098
1065.521 7.922
1065.842 -20.059
1066.162 15.960
1066.483 7.979
1066.804 22.998
1067.125 32.018
1067.445 13.037
1067.766 -12.943
1068.087 -17.924
1068.407 57.096
1068.728 0.115
1069.049 54.135
1069.370 -7.845
1069.690 0.174
1070.011 -28.806
1070.332 -26.786
1070.652 -18.766
1070.973 36.254
1071.294 35.274
1071.615 25.294
1071.935 32.314
1072.256 29.334
1072.577 -4.646
1072.897 -30.626
1073.218 -6.605
1073.539 -6.585
1073.859 -14.564
1074.180 0.456
1074.501 33.476
1074.822 2.497
1075.142 -11.482
1075.463 13.538
1075.784 21.559
1076.104 -2.420
1076.425 -13.399
1076.746 8.621
1077.067 -7.358
1077.387 31.663
1077.708 -0.316
1078.029 -56.295
1078.349 -19.274
1078.670 1.748
1078.991 26.769
1079.312 54.790
1079.632 75.811
1079.953 24.833
1080.274 -16.146
1080.594 -34.124
1080.915 -3.103
1081.236 -6.081
1081.557 -47.060
1081.877 11.962
1082.198 22.984
1082.519 -6.994
1082.839 30.028
1083.160 -12.951
1083.481 -23.929
1083.802 1.093
1084.122 16.116
1084.443 -4.862
1084.764 -29.840
1085.084 33.182
1085.405 23.204
1085.726 8.227
1086.046 30.249
1086.367 29.271
1086.688 38.294
1087.009 33.317
1087.329 22.339
1087.650 -7.638
1087.971 17.384
1088.291 15.407
1088.612 -10.570
1088.933 -33.547
1089.254 -28.524
1089.574 34.499
1089.895 0.522
1090.216 -46.455
1090.536 -4.432
1090.857 -17.409
1091.178 5.615
1091.499 10.638
1091.819 2.661
1092.140 33.685
1092.475 26.708
1092.810 15.732
1093.145 -12.245
1093.480 -26.221
1093.816 -29.197
1094.151 1.826
1094.486 -36.150
1094.821 8.874
1095.156 -55.102
1095.491 -18.078
1095.826 -8.054
1096.161 -5.030
1096.497 -33.006
1096.832 24.018
1097.167 -32.957
1097.502 -12.933
1097.837 23.091
1098.172 -37.884
1098.507 -12.860
1098.842 -6.835
1099.178 9.189
1099.513 31.214
1099.848 25.239
1100.183 0.263
1100.518 -45.712
1100.853 -5.687
1101.188 -9.662
1101.523 -15.637
1101.859 14.388
1102.194 39.413
1102.529 25.438
1102.864 -39.537
1103.199 -18.511
1103.534 14.514
1103.869 -1.461
1104.204 -28.435
1104.540 -30.410
1104.875 22.616
1105.210 7.641
1105.545 53.667
1105.880 -9.308
1106.215 14.718
1106.550 -33.256
1106.885 -8.230
1107.221 -9.204
1107.556 -3.178
1107.891 -35.152
1108.226 -23.126
1108.561 0.900
1108.896 -2.074
1109.231 17.952
1109.566 -20.021
1109.902 -11.995
1110.237 -20.968
1110.572 34.058
1110.907 31.085
1111.242 -18.889
1111.577 -41.862
1111.912 34.164
1112.247 17.191
1112.583 -29.782
1112.918 11.245
1113.253 -25.728
1113.588 -26.701
1113.923 -36.674
1114.258 -0.647
1114.593 -20.620
1114.928 -23.593
1115.264 -6.566
1115.599 19.462
1115.934 -51.511
1116.269 10.516
1116.604 -54.456
1116.939 -20.429
1117.274 -26.401
1117.609 -68.373
1117.945 1.654
1118.280 16.682
1118.615 20.710
1118.950 -24.262
1119.285 -22.235
1119.620 -33.207
1119.955 -40.179
1120.290 -4.151
1120.626 1.878
1120.961 10.906
1121.296 14.934
1121.631 35.962
1121.966 12.990
1122.301 -9.981
1122.636 -29.953
1122.971 -4.924
1123.306 4.104
1123.642 -47.867
1123.977 7.161
1124.312 2.190
1124.647 1.219
1124.982 13.248
1125.317 -37.724
1125.652 -28.695
1125.987 -11.666
1126.323 -13.637
1126.658 -2.608
1126.993 8.421
1127.328 5.450
1127.663 -23.520
1127.998 -40.491
1128.333 -24.462
1128.668 33.568
1129.004 36.597
1129.339 -20.374
1129.674 -27.344
1130.009 19.685
1130.344 -63.285
1130.679 -16.255
1131.014 7.774
1131.349 22.804
1131.685 -7.166
1132.020 38.864
1132.355 -27.107
1132.690 20.923
1133.025 23.953
1133.360 -34.017
1133.695 1.013
1134.030 30.044
1134.366 10.074
1134.701 42.104
1135.036 38.134
1135.371 57.164
1135.706 26.195
1136.041 44.225
1136.376 2.256
1136.711 11.286
1137.047 26.317
1137.382 -9.653
1137.717 -18.622
1138.052 27.408
1138.387 46.439
1138.722 7.470
1139.057 8.501
1139.392 17.531
1139.728 0.562
1140.063 23.593
1140.398 -2.376
1140.733 25.655
1141.068 -3.314
1141.403 14.717
1141.738 14.748
1142.073 -35.221
1142.409 2.811
1142.744 24.842
1143.079 22.873
1143.414 -57.096
1143.749 11.936
1144.084 0.967
1144.419 17.999
1144.754 9.030
1145.090 -25.939
1145.425 -2.907
1145.760 -17.875
1146.095 7.156
1146.430 -7.812
1146.765 18.219
1147.100 -7.749
1147.435 28.283
1147.771 -12.685
1148.106 -25.654
1148.441 49.378
1148.776 -11.590
1149.111 -16.558
1149.446 8.474
1149.781 11.506
1150.116 11.538
1150.452 -23.430
1150.787 35.602
1151.122 -19.366
1151.457 26.666
1151.792 49.698
1152.127 -20.270
1152.462 -26.237
1152.797 1.795
1153.133 -42.173
1153.468 8.859
1153.803 45.892
1154.138 47.924
1154.473 -3.044
1154.808 30.989
1155.143 7.021
1155.478 11.054
1155.814 -25.914
1156.149 -1.881
1156.484 -25.849
1156.819 1.183
1157.154 23.216
1157.489 -21.751
1157.824 0.281
1158.159 -35.686
1158.494 17.346
1158.830 -10.621
1159.165 22.412
1159.500 29.444
1159.835 -28.523
1160.170 -1.490
1160.505 -12.458
1160.840 25.575
1161.175 25.608
1161.511 -5.360
1161.846 -12.327
1162.181 -20.294
1162.516 5.739
1162.851 3.772
1163.186 5.804
1163.521 -29.163
1163.856 35.870
1164.192 41.903
1164.527 23.936
1164.862 -1.032
1165.197 2.001
1165.532 40.034
1165.867 32.067
1166.202 -6.900
1166.537 25.133
1166.873 44.166
1167.208 5.198
1167.543 10.231
1167.878 0.264
1168.213 14.297
1168.548 33.330
1168.883 71.363
1169.218 -12.604
1169.554 8.429
1169.889 8.461
1170.224 -3.506
1170.559 37.527
1170.894 8.560
1171.229 15.593
1171.564 5.626
1171.899 18.658
1172.235 -43.309
1172.570 32.724
1172.905 12.757
1173.240 -20.210
1173.575 -8.178
1173.910 13.855
1174.245 41.888
1174.580 -12.080
1174.916 -1.047
1175.251 5.986
1175.586 25.019
1175.921 22.051
1176.256 -4.916
1176.591 8.116
1176.926 -5.851
1177.261 5.182
1177.597 50.214
1177.932 33.247
1178.267 -3.721
1178.602 96.312
1178.937 120.344
1179.272 233.376
1179.607 375.409
1179.942 509.441
1180.278 596.474
1180.613 630.506
1180.948 621.538
1181.283 608.570
1181.618 526.603
1181.953 412.635
1182.288 280.667
1182.623 241.699
1182.959 132.731
1183.294 119.763
1183.629 106.795
1183.964 108.827
1184.299 75.859
1184.634 55.891
1184.969 46.923
1185.304 10.954
1185.640 14.986
1185.975 42.018
1186.310 35.049
1186.645 -8.919
1186.980 26.112
1187.315 79.144
1187.650 18.175
1187.985 10.207
1188.320 39.238
1188.656 11.269
1188.991 25.301
1189.326 -6.668
1189.661 -7.637
1189.996 92.394
1190.331 60.425
1190.666 35.456
1191.001 5.487
1191.337 -17.482
1191.672 36.548
1192.007 7.579
1192.342 56.610
1192.677 45.640
1193.012 10.671
1193.347 20.701
1193.682 8.731
1194.018 14.762
1194.353 11.792
1194.688 -32.178
1195.023 -5.148
1195.358 20.882
1195.693 -18.088
1196.028 53.942
1196.363 46.972
1196.699 8.001
1197.034 36.031
1197.369 16.060
1197.704 37.090
1198.039 26.119
1198.374 1.148
1198.709 9.178
1199.044 55.207
1199.380 34.236
1199.715 12.265
1200.050 61.293
1200.385 20.322
1200.720 4.351
1201.055 -7.621
1201.390 -24.592
1201.725 -17.564
1202.061 9.464
1202.396 -41.507
1202.731 16.521
1203.066 41.549
1203.401 -4.424
1203.736 10.604
1204.071 -2.368
1204.406 -27.341
1204.742 -15.313
1205.077 -8.286
1205.412 10.741
1205.747 15.768
1206.082 10.795
1206.417 30.822
1206.752 -9.151
1207.087 18.876
1207.423 1.902
1207.758 24.929
1208.093 32.955
1208.428 4.981
1208.763 23.007
1209.098 -17.967
1209.433 -23.941
1209.768 -19.915
1210.104 47.110
1210.439 -7.864
1210.774 -10.839
1211.109 23.186
