149.832 6.289
150.084 62.289
150.337 50.288
150.589 35.288
150.841 49.288
151.094 60.287
151.346 2.287
151.598 30.287
151.851 104.286
152.103 74.286
152.355 58.285
152.608 56.285
152.860 72.285
153.113 66.284
153.365 49.284
153.617 36.284
153.870 75.283
154.122 85.283
154.374 67.282
154.627 61.282
154.879 46.282
155.131 83.281
155.384 87.281
155.636 81.281
155.889 92.280
156.141 92.280
156.393 86.279
156.646 78.279
156.898 85.279
157.150 82.278
157.403 60.278
157.655 54.278
157.907 66.277
158.160 65.277
158.412 45.276
158.664 59.276
158.917 88.276
159.169 65.275
159.422 47.275
159.674 55.274
159.926 66.274
160.179 60.274
160.431 63.273
160.683 41.273
160.936 83.273
161.188 89.272
161.440 75.272
161.693 69.271
161.945 85.271
162.198 81.271
162.450 54.270
162.702 70.270
162.955 55.270
163.207 59.269
163.459 92.269
163.712 86.268
163.964 70.268
164.216 41.268
164.469 52.267
164.721 74.267
164.974 34.266
165.226 64.266
165.478 68.266
165.731 66.265
165.983 51.265
166.235 53.264
166.488 31.264
166.740 77.264
166.992 76.263
167.245 27.263
167.497 57.263
167.749 102.262
168.002 97.262
168.254 68.261
168.507 59.261
168.759 72.261
169.011 70.260
169.264 72.260
169.516 67.259
169.768 89.259
170.021 88.259
170.273 95.258
170.525 76.258
170.778 77.257
171.030 71.257
171.283 118.257
171.535 106.256
171.787 42.256
172.040 89.255
172.292 108.255
172.544 45.255
172.797 55.254
173.049 66.254
173.301 77.253
173.554 59.253
173.806 61.253
174.058 65.252
174.311 60.252
174.563 59.251
174.816 42.251
175.068 57.251
175.320 54.250
175.573 78.250
175.825 84.249
176.077 63.249
176.330 78.249
176.582 73.248
176.834 82.248
177.087 108.247
177.339 83.247
177.592 35.247
177.844 21.246
178.096 62.246
178.349 42.245
178.601 21.245
178.853 55.245
179.106 68.244
179.358 32.244
179.610 41.243
179.863 72.243
180.115 43.243
180.368 65.242
180.620 88.242
180.872 73.241
181.125 54.241
181.377 41.241
181.629 77.240
181.882 92.240
182.134 116.239
182.386 74.239
182.639 45.238
182.891 70.238
183.143 88.238
183.396 59.237
183.648 65.237
183.901 61.236
184.153 60.236
184.405 72.236
184.658 58.235
184.910 78.235
185.158 94.234
185.406 64.234
185.654 55.234
185.903 74.233
186.151 84.233
186.399 54.232
186.647 46.232
186.895 74.231
187.143 50.231
187.392 50.231
187.640 50.230
187.888 25.230
188.136 34.229
188.384 24.229
188.632 39.229
188.881 20.228
189.129 77.228
189.377 97.227
189.625 58.227
189.873 96.226
190.121 125.226
190.369 70.226
190.618 80.225
190.866 113.225
191.114 51.224
191.362 66.224
191.610 59.223
191.858 61.223
192.107 87.223
192.355 96.222
192.603 61.222
192.851 67.221
193.099 62.221
193.347 48.221
193.596 47.220
193.844 56.220
194.092 78.219
194.340 116.219
194.588 62.218
194.836 71.218
195.085 99.218
195.333 64.217
195.581 33.217
195.829 30.216
196.077 58.216
196.325 64.215
196.573 81.215
196.822 51.215
197.070 57.214
197.318 75.214
197.566 64.213
197.814 45.213
198.062 37.212
198.311 99.212
198.559 146.212
198.807 88.211
199.055 82.211
199.303 56.210
199.551 24.210
199.800 46.209
200.048 20.209
200.296 36.208
200.544 85.208
200.792 97.208
201.040 89.207
201.288 92.207
201.537 68.206
201.785 76.206
202.033 53.205
202.281 84.205
202.529 124.205
202.777 116.204
203.026 118.204
203.274 99.203
203.522 73.203
203.770 45.202
204.018 48.202
204.266 38.201
204.515 28.201
204.763 81.201
205.011 104.200
205.259 77.200
205.507 60.199
205.755 78.199
206.004 91.198
206.252 58.198
206.500 100.198
206.748 90.197
206.996 17.197
207.244 44.196
207.492 69.196
207.741 68.195
207.989 81.195
208.237 100.194
208.485 83.194
208.733 69.193
208.981 73.193
209.230 100.193
209.478 91.192
209.726 89.192
209.974 86.191
210.222 58.191
210.470 54.190
210.719 74.190
210.967 86.189
211.215 122.189
211.463 104.189
211.711 73.188
211.959 62.188
212.207 37.187
212.456 48.187
212.704 68.186
212.952 81.186
213.200 93.185
213.448 83.185
213.696 27.184
213.945 15.184
214.193 48.184
214.441 51.183
214.689 57.183
214.937 97.182
215.185 88.182
215.434 53.181
215.682 70.181
215.930 97.180
216.178 123.180
216.426 120.179
216.674 97.179
216.922 69.179
217.171 76.178
217.419 98.178
217.667 45.177
217.915 65.177
218.163 65.176
218.411 66.176
218.660 72.175
218.908 98.175
219.156 121.174
219.404 84.174
219.652 109.173
219.900 110.173
220.149 102.173
220.397 80.172
220.645 60.172
220.893 44.171
221.141 54.171
221.389 59.170
221.638 42.170
221.886 53.169
222.134 57.169
222.382 78.168
222.630 85.168
222.878 55.167
223.126 74.167
223.375 112.166
223.623 123.166
223.871 120.166
224.119 106.165
224.367 71.165
224.615 114.164
224.864 101.164
225.112 59.163
225.360 114.163
225.608 125.162
225.856 121.162
226.104 93.161
226.353 60.161
226.601 80.160
226.849 86.160
227.097 72.159
227.345 55.159
227.593 77.158
227.841 61.158
228.090 67.157
228.338 102.157
228.586 113.157
228.834 114.156
229.082 88.156
229.330 74.155
229.579 85.155
229.827 116.154
230.075 98.154
230.323 78.153
230.571 118.153
230.819 72.152
231.068 74.152
231.316 101.151
231.564 74.151
231.812 88.150
232.060 90.150
232.308 57.149
232.557 62.149
232.805 63.148
233.053 60.148
233.301 82.147
233.549 62.147
233.797 32.146
234.045 112.146
234.294 142.145
234.542 103.145
234.790 129.144
235.038 80.144
235.286 99.143
235.534 72.143
235.783 54.142
236.031 69.142
236.279 57.142
236.527 65.141
236.775 101.141
237.023 105.140
237.272 75.140
237.520 67.139
237.768 64.139
238.016 62.138
238.264 88.138
238.512 75.137
238.760 80.137
239.009 91.136
239.257 102.136
239.505 97.135
239.753 107.135
240.001 131.134
240.249 130.134
240.498 102.133
240.746 86.133
240.994 49.132
241.242 76.132
241.490 81.131
241.738 63.131
241.987 83.130
242.235 86.130
242.483 57.129
242.731 72.129
242.979 105.128
243.227 59.128
243.475 93.127
243.724 90.127
243.972 114.126
244.220 141.126
244.468 98.125
244.716 51.125
244.964 102.124
245.213 96.124
245.461 56.123
245.709 57.123
245.957 111.122
246.205 104.122
246.453 68.121
246.702 66.121
246.950 26.120
247.198 50.120
247.446 51.119
247.694 81.118
247.942 89.118
248.191 94.117
248.439 148.117
248.687 116.116
248.935 62.116
249.183 84.115
249.431 71.115
249.679 55.114
249.928 55.114
250.176 52.113
250.424 96.113
250.672 93.112
250.920 88.112
251.168 82.111
251.417 78.111
251.665 43.110
251.913 71.110
252.161 63.109
252.409 23.109
252.657 80.108
252.906 111.108
253.154 100.107
253.402 88.107
253.650 95.106
253.905 95.106
254.161 77.105
254.416 95.105
254.672 64.104
254.927 27.103
255.183 38.103
255.438 71.102
255.694 112.102
255.949 110.101
256.205 43.101
256.460 100.100
256.715 127.100
256.971 69.099
257.226 59.099
257.482 103.098
257.737 95.098
257.993 107.097
258.248 93.097
258.504 84.096
258.759 58.096
259.014 87.095
259.270 92.095
259.525 90.094
259.781 74.093
260.036 56.093
260.292 93.092
260.547 75.092
260.803 81.091
261.058 122.091
261.314 76.090
261.569 94.090
261.824 77.089
262.080 75.089
262.335 88.088
262.591 57.088
262.846 86.087
263.102 114.087
263.357 146.086
263.613 70.085
263.868 62.085
264.123 100.084
264.379 88.084
264.634 87.083
264.890 67.083
265.145 78.082
265.401 74.082
265.656 92.081
265.912 88.081
266.167 78.080
266.423 66.079
266.678 56.079
266.933 56.078
267.189 84.078
267.444 76.077
267.700 74.077
267.955 71.076
268.211 117.076
268.466 117.075
268.722 90.075
268.977 82.074
269.232 84.073
269.488 70.073
269.743 114.072
269.999 89.072
270.254 33.071
270.510 39.071
270.765 55.070
271.021 73.070
271.276 81.069
271.532 89.068
271.787 95.068
272.042 71.067
272.298 56.067
272.553 90.066
272.809 95.066
273.064 53.065
273.320 74.065
273.575 89.064
273.831 94.063
274.086 113.063
274.342 86.062
274.597 83.062
274.852 62.061
275.108 81.061
275.363 113.060
275.619 76.060
275.874 75.059
276.130 70.058
276.385 112.058
276.641 110.057
276.896 81.057
277.151 67.056
277.407 75.056
277.662 89.055
277.918 106.054
278.173 71.054
278.429 77.053
278.684 72.053
278.940 72.052
279.195 92.052
279.451 85.051
279.706 71.050
279.961 67.050
280.217 87.049
280.472 108.049
280.728 122.048
280.983 122.048
281.239 137.047
281.494 89.046
281.750 61.046
282.005 75.045
282.260 94.045
282.516 71.044
282.771 45.044
283.027 81.043
283.282 79.042
283.538 41.042
283.793 49.041
284.049 26.041
284.304 40.040
284.560 105.040
284.815 81.039
285.070 95.038
285.326 67.038
285.581 41.037
285.837 69.037
286.092 81.036
286.348 92.035
286.603 110.035
286.859 113.034
287.114 115.034
287.369 51.033
287.625 72.033
287.880 74.032
288.136 102.031
288.391 74.031
288.647 85.030
288.902 112.030
289.158 86.029
289.413 89.028
289.669 103.028
289.924 112.027
290.179 80.027
290.435 86.026
290.690 81.025
290.946 60.025
291.201 71.024
291.457 77.024
291.712 80.023
291.968 64.023
292.223 105.022
292.479 110.021
292.734 71.021
292.989 69.020
293.245 82.020
293.500 94.019
293.756 117.018
294.011 108.018
294.267 68.017
294.522 89.017
294.778 82.016
295.033 98.015
295.288 111.015
295.544 66.014
295.799 46.014
296.055 123.013
296.310 127.012
296.566 69.012
296.821 78.011
297.077 148.011
297.332 155.010
297.588 117.009
297.843 88.009
298.098 83.008
298.354 90.007
298.609 99.007
298.865 91.006
299.120 89.006
299.376 112.005
299.631 107.004
299.887 94.004
300.142 114.003
300.397 122.003
300.653 125.002
300.908 146.001
301.164 193.001
301.419 168.000
301.675 178.999
301.930 195.999
302.186 209.998
302.441 225.998
302.697 249.997
302.952 216.996
303.207 230.996
303.463 227.995
303.718 171.995
303.974 162.994
304.229 177.993
304.485 212.993
304.740 223.992
304.996 189.991
305.251 197.991
305.506 184.990
305.762 220.990
306.017 223.989
306.273 226.988
306.528 281.988
306.784 283.987
307.039 314.986
307.295 335.986
307.550 326.985
307.806 358.985
308.061 372.984
308.316 374.983
308.572 369.983
308.827 362.982
309.083 387.981
309.338 446.981
309.594 503.980
309.849 445.979
310.105 466.979
310.360 498.978
310.615 511.978
310.871 553.977
311.126 681.976
311.382 870.976
311.637 1309.975
311.893 1811.974
312.148 2194.974
312.404 2586.973
312.659 2871.972
312.915 2910.972
313.170 2871.971
313.433 2628.971
313.696 2175.970
313.959 1789.969
314.221 1450.969
314.484 1165.968
314.747 999.967
315.010 976.967
315.273 943.966
315.536 833.965
315.799 823.965
316.062 793.964
316.324 793.963
316.587 859.963
316.850 874.962
317.113 876.961
317.376 809.961
317.639 820.960
317.902 852.960
318.164 872.959
318.427 916.958
318.690 922.958
318.953 875.957
319.216 869.956
319.479 935.956
319.742 945.955
320.004 933.954
320.267 954.954
320.530 973.953
320.793 919.952
321.056 934.952
321.319 963.951
321.582 951.950
321.845 944.950
322.107 951.949
322.370 946.948
322.633 945.948
322.896 953.947
323.159 912.946
323.422 912.946
323.685 885.945
323.947 879.944
324.210 961.944
324.473 926.943
324.736 881.942
324.999 884.942
325.262 828.941
325.525 848.940
325.787 878.940
326.050 926.939
326.313 977.938
326.576 936.938
326.839 932.937
327.102 887.936
327.365 925.936
327.628 923.935
327.890 899.934
328.153 843.934
328.416 871.933
328.679 898.932
328.942 876.932
329.205 901.931
329.468 911.930
329.730 954.929
329.993 941.929
330.256 946.928
330.519 898.927
330.782 871.927
331.045 832.926
331.308 889.925
331.570 910.925
331.833 894.924
332.096 910.923
332.359 930.923
332.622 933.922
332.885 945.921
333.148 1045.921
333.411 1046.920
333.673 1055.919
333.936 1165.918
334.199 1143.918
334.462 1120.917
334.725 1149.916
334.988 1118.916
335.251 1029.915
335.513 982.914
335.776 1025.914
336.039 1029.913
336.302 912.912
336.565 942.912
336.828 957.911
337.091 926.910
337.354 934.909
337.616 934.909
337.879 924.908
338.142 939.907
338.405 981.907
338.668 982.906
338.931 942.905
339.194 905.904
339.456 941.904
339.719 1028.903
339.982 989.902
340.245 956.902
340.508 943.901
340.771 921.900
341.034 909.900
341.296 922.899
341.559 961.898
341.822 920.897
342.085 966.897
342.348 982.896
342.611 948.895
342.874 912.895
343.137 898.894
343.399 909.893
343.662 850.892
343.925 855.892
344.188 897.891
344.451 901.890
344.714 886.890
344.977 939.889
345.239 926.888
345.502 911.887
345.765 930.887
346.028 917.886
346.291 819.885
346.554 842.884
346.817 838.884
347.080 831.883
347.342 822.882
347.605 800.882
347.868 788.881
348.131 828.880
348.394 839.879
348.657 776.879
348.920 793.878
349.182 780.877
349.445 765.876
349.708 745.876
349.971 712.875
350.234 722.874
350.497 740.874
350.760 708.873
351.022 696.872
351.285 715.871
351.548 654.871
351.811 658.870
352.074 686.869
352.337 666.868
352.600 614.868
352.863 592.867
353.125 592.866
353.388 572.865
353.651 576.865
353.914 555.864
354.177 560.863
354.440 576.862
354.703 548.862
354.965 505.861
355.228 490.860
355.491 507.859
355.754 505.859
356.017 504.858
356.280 525.857
356.543 507.856
356.805 453.856
357.068 465.855
357.331 474.854
357.594 450.853
357.857 438.853
358.120 428.852
358.383 413.851
358.646 422.850
358.908 373.850
359.171 369.849
359.434 403.848
359.697 379.847
359.960 345.847
360.223 349.846
360.486 344.845
360.748 316.844
361.011 341.844
361.274 342.843
361.537 332.842
361.800 322.841
362.063 310.840
362.326 345.840
362.588 364.839
362.851 384.838
363.114 358.837
363.377 439.837
363.640 734.836
363.903 1300.835
364.166 2182.834
364.429 3154.834
364.691 4170.833
364.954 5089.832
365.217 5766.831
365.480 5916.830
365.745 5555.830
366.009 4746.829
366.274 3797.828
366.539 2926.827
366.804 2167.827
367.068 1419.826
367.333 945.825
367.598 703.824
367.863 537.823
368.127 448.823
368.392 371.822
368.657 289.821
368.921 272.820
369.186 249.819
369.451 236.819
369.716 235.818
369.980 251.817
370.245 232.816
370.510 219.815
370.775 170.815
371.039 211.814
371.304 247.813
371.569 217.812
371.834 210.812
372.098 202.811
372.363 168.810
372.628 146.809
372.892 207.808
373.157 229.808
373.422 158.807
373.687 137.806
373.951 164.805
374.216 195.804
374.481 190.804
374.746 186.803
375.010 211.802
375.275 214.801
375.540 242.800
375.804 214.799
376.069 159.799
376.334 191.798
376.599 281.797
376.863 301.796
377.128 265.795
377.393 283.795
377.658 269.794
377.922 288.793
378.187 315.792
378.452 345.791
378.716 320.791
378.981 299.790
379.246 327.789
379.511 325.788
379.775 345.787
380.040 361.786
380.305 342.786
380.570 387.785
380.834 373.784
381.099 335.783
381.364 346.782
381.629 333.781
381.893 323.781
382.158 323.780
382.423 333.779
382.687 291.778
382.952 277.777
383.217 286.777
383.482 286.776
383.746 216.775
384.011 241.774
384.276 301.773
384.541 246.772
384.805 192.772
385.070 221.771
385.335 205.770
385.599 195.769
385.864 184.768
386.129 164.767
386.394 170.766
386.658 171.766
386.923 176.765
387.188 202.764
387.453 189.763
387.717 189.762
387.982 185.761
388.247 141.761
388.511 175.760
388.776 153.759
389.041 157.758
389.306 150.757
389.570 133.756
389.835 137.755
390.100 182.755
390.365 222.754
390.629 225.753
390.894 197.752
391.159 167.751
391.424 137.750
391.688 203.749
391.953 198.749
392.218 149.748
392.482 156.747
392.747 131.746
393.012 99.745
393.277 135.744
393.541 149.743
393.806 137.743
394.071 165.742
394.336 199.741
394.600 193.740
394.865 189.739
395.130 172.738
395.394 144.737
395.659 98.736
395.924 112.736
396.189 123.735
396.453 129.734
396.718 107.733
396.983 120.732
397.248 112.731
397.512 149.730
397.777 199.729
398.042 198.729
398.306 136.728
398.571 105.727
398.836 131.726
399.101 181.725
399.365 199.724
399.630 193.723
399.895 190.722
400.160 184.722
400.424 203.721
400.689 237.720
400.954 290.719
401.219 258.718
401.483 233.717
401.748 235.716
402.013 273.715
402.277 345.714
402.542 461.713
402.807 1026.713
403.072 2357.712
403.336 4404.711
403.601 6897.710
403.866 9696.709
404.131 12181.708
404.395 14039.707
404.660 14763.706
404.931 13976.705
405.202 11857.704
405.473 9142.704
405.745 6748.703
406.016 4831.702
406.287 3482.701
406.558 2585.700
406.829 2015.699
407.100 1694.698
407.371 1533.697
407.642 1492.696
407.914 1407.695
408.185 1273.694
408.456 1059.694
408.727 860.693
408.998 764.692
409.269 685.691
409.540 597.690
409.811 562.689
410.083 549.688
410.354 522.687
410.625 528.686
410.896 526.685
411.167 522.684
411.438 564.683
411.709 517.682
411.981 514.682
412.252 569.681
412.523 584.680
412.794 621.679
413.065 657.678
413.336 654.677
413.607 690.676
413.878 719.675
414.150 768.674
414.421 788.673
414.692 756.672
414.963 809.671
415.234 812.670
415.505 808.669
415.776 834.668
416.047 794.667
416.319 784.667
416.590 809.666
416.861 812.665
417.132 835.664
417.403 861.663
417.674 889.662
417.945 950.661
418.217 969.660
418.488 891.659
418.759 893.658
419.030 957.657
419.301 989.656
419.572 952.655
419.843 964.654
420.114 946.653
420.386 1003.652
420.657 1065.651
420.928 1007.650
421.199 1026.649
421.470 1100.648
421.741 1121.647
422.012 1127.646
422.283 1134.645
422.555 1245.645
422.826 1305.644
423.097 1348.643
423.368 1320.642
423.639 1356.641
423.910 1410.640
424.181 1371.639
424.453 1394.638
424.724 1587.637
424.995 1633.636
425.266 1643.635
425.537 1694.634
425.808 1839.633
426.079 1881.632
426.350 1884.631
426.622 1951.630
426.893 2045.629
427.164 2021.628
427.435 2045.627
427.706 2130.626
427.977 2233.625
428.248 2278.624
428.519 2328.623
428.791 2433.622
429.062 2501.621
429.333 2558.620
429.604 2617.619
429.875 2575.618
430.146 2669.617
430.417 2727.616
430.689 2760.615
430.960 2882.614
431.231 2938.613
431.502 3003.612
431.773 3120.611
432.044 3282.610
432.315 3337.609
432.586 3384.608
432.858 3487.607
433.129 3744.606
433.400 4142.605
433.671 4702.604
433.942 6653.603
434.213 11842.602
434.484 20471.601
434.755 31644.600
435.027 43882.599
435.298 53815.598
435.569 57581.597
435.840 57576.596
436.118 56177.595
436.395 50829.594
436.673 41659.593
436.951 32540.592
437.228 25305.591
437.506 19782.590
437.784 15721.589
438.061 12790.588
438.339 10407.587
438.617 8228.586
438.894 6673.584
439.172 5852.583
439.450 5386.582
439.727 5097.581
440.005 4935.580
440.283 4748.579
440.560 4676.578
440.838 4662.577
441.115 4557.576
441.393 4542.575
441.671 4572.574
441.948 4545.573
442.226 4482.572
442.504 4470.571
442.781 4413.570
443.059 4444.569
443.337 4474.568
443.614 4427.567
443.892 4381.566
444.170 4475.565
444.447 4463.564
444.725 4466.563
445.003 4410.561
445.280 4566.560
445.558 4530.559
445.836 4493.558
446.113 4413.557
446.391 4421.556
446.669 4386.555
446.946 4419.554
447.224 4412.553
447.502 4409.552
447.779 4422.551
448.057 4406.550
448.335 4411.549
448.612 4397.548
448.890 4458.547
449.168 4416.545
449.445 4371.544
449.723 4408.543
450.001 4389.542
450.278 4319.541
450.556 4277.540
450.834 4230.539
451.111 4266.538
451.389 4289.537
451.666 4303.536
451.944 4263.535
452.222 4354.534
452.499 4288.533
452.777 4213.531
453.055 4195.530
453.332 4150.529
453.610 4124.528
453.888 4113.527
454.165 4047.526
454.443 3967.525
454.721 3940.702
454.998 3920.839
455.276 3913.952
455.554 3850.418
455.831 3885.322
456.109 3839.800
456.387 3664.536
456.664 3634.803
456.942 3625.262
457.220 3651.004
457.497 3563.316
457.775 3530.674
458.053 3630.574
458.330 3556.389
458.608 3456.487
458.886 3462.420
459.163 3431.757
459.441 3379.332
459.719 3342.734
459.996 3357.923
460.274 3282.675
460.552 3233.169
460.829 3128.344
461.107 3129.334
461.384 3141.366
461.662 3122.637
461.940 3122.636
462.217 3063.115
462.495 3073.127
462.773 3033.325
463.050 2933.755
463.328 2853.927
463.606 2854.923
463.883 2905.675
464.161 2807.678
464.439 2839.485
464.716 2798.483
464.994 2817.300
465.272 2756.995
465.549 2728.666
465.827 2739.698
466.105 2683.210
466.382 2611.534
466.660 2616.558
466.938 2724.823
467.215 2707.719
467.493 2664.459
467.771 2649.367
468.048 2554.350
468.326 2488.891
468.604 2473.784
468.881 2447.599
469.159 2405.900
469.437 2337.489
469.714 2245.938
469.992 2295.233
470.270 2229.839
470.547 2171.488
470.825 2149.354
471.102 2126.214
471.380 2063.839
471.658 2041.705
471.935 2025.607
472.213 2072.816
472.491 2161.257
472.768 2105.873
473.046 2035.555
473.324 1998.443
473.601 1989.425
473.879 2018.463
474.157 1972.416
474.434 1933.443
474.712 1922.519
474.990 1880.679
475.267 1890.658
475.545 1871.822
475.823 1776.331
476.100 1836.254
476.378 1797.648
476.656 1748.196
476.933 1754.397
477.211 1636.700
477.489 1618.247
477.766 1665.112
478.044 1708.920
478.322 1770.410
478.599 1749.926
478.877 1764.949
479.155 1810.455
479.432 1847.855
479.710 1950.265
479.988 2025.951
480.265 2102.470
480.543 2105.310
480.820 2158.095
481.098 2382.009
481.376 2420.735
481.653 2626.990
481.931 2891.025
482.209 3126.252
482.486 3520.397
482.764 3981.877
483.042 4487.249
483.319 5122.107
483.597 5779.360
483.875 6448.834
484.152 7040.272
484.430 7955.641
484.708 9007.196
484.985 10008.168
485.263 10979.956
485.541 12039.332
485.818 12989.681
486.096 13935.142
486.374 14893.272
486.651 15739.424
486.929 16420.046
487.207 16703.106
487.484 17057.880
487.762 17533.057
488.040 17536.959
488.317 17565.802
488.595 17616.207
488.873 17538.982
489.150 17534.616
489.428 17374.511
489.706 17000.367
489.983 16837.621
490.261 16462.583
490.539 16029.834
490.816 15694.562
491.094 15326.813
491.371 14985.598
491.649 14673.267
491.927 14292.273
492.204 13940.201
492.482 13716.053
492.760 13339.942
493.037 12871.897
493.315 12521.620
493.593 12200.155
493.870 11776.590
494.148 11411.242
494.426 10992.421
494.703 10679.239
494.981 10294.991
495.259 9936.854
495.536 9612.448
495.814 9239.669
496.092 8995.378
496.369 8873.231
496.647 8828.373
496.925 8599.743
497.202 8514.255
497.480 8381.053
497.758 8131.679
498.035 7873.966
498.313 7655.060
498.591 7274.237
498.868 6849.933
499.146 6590.967
499.424 6297.141
499.701 5811.893
499.979 5298.432
500.257 4940.563
500.534 4621.837
500.812 4282.194
501.089 3900.719
501.367 3606.893
501.645 3344.939
501.922 3042.149
502.200 2780.414
502.478 2548.572
502.755 2347.576
503.033 2130.659
503.311 2001.303
503.588 1903.982
503.866 1802.689
504.144 1688.797
504.421 1594.951
504.699 1482.479
504.977 1421.665
505.254 1358.994
505.532 1282.347
505.810 1242.659
506.087 1214.860
506.365 1193.015
506.643 1116.203
506.920 1049.356
507.198 1057.149
507.476 991.478
507.753 983.665
508.031 1006.141
508.309 975.889
508.586 988.582
508.864 1082.068
509.142 1071.286
509.419 1011.935
509.697 1018.718
509.975 1058.466
510.252 1060.346
510.530 1010.926
510.808 1049.636
511.085 1077.633
511.363 1097.941
511.640 1101.809
511.918 1065.057
512.196 1087.299
512.473 1160.799
512.751 1185.154
513.029 1169.664
513.306 1144.633
513.584 1160.291
513.862 1171.929
514.139 1196.366
514.417 1203.359
514.695 1202.385
514.972 1238.573
515.250 1220.304
515.528 1208.821
515.805 1180.555
516.083 1191.461
516.361 1235.592
516.638 1257.075
516.916 1251.460
517.194 1213.335
517.471 1171.300
517.749 1184.187
518.027 1101.015
518.304 1065.789
518.582 1106.883
518.860 1055.023
519.137 1047.194
519.415 1020.753
519.693 970.898
519.970 957.212
520.248 928.862
520.526 918.188
520.803 884.007
521.081 800.021
521.358 831.434
521.636 817.774
521.914 801.381
522.191 743.875
522.469 754.834
522.747 686.978
523.024 677.249
523.302 637.716
523.580 658.455
523.857 651.657
524.135 603.497
524.413 590.887
524.690 603.879
524.968 639.730
525.246 615.504
525.523 567.472
525.801 549.077
526.079 586.830
526.356 581.988
526.634 581.019
526.912 621.074
527.189 624.941
527.467 652.986
527.745 661.689
528.022 680.063
528.300 709.356
528.578 672.640
528.855 670.706
529.133 700.656
529.411 640.133
529.688 647.853
529.966 686.462
530.244 720.244
530.521 753.061
530.799 753.060
531.077 752.093
531.354 759.814
531.632 879.503
531.909 1047.455
532.187 1197.068
532.465 1359.229
532.742 1650.733
533.020 1912.314
533.298 2132.263
533.575 2169.870
533.853 2133.224
534.131 2100.532
534.408 2055.111
534.686 2026.180
534.964 1993.392
535.241 2012.676
535.519 2054.141
535.797 2220.002
536.074 2436.009
536.352 2640.443
536.630 3043.485
536.907 3382.597
537.185 3914.388
537.463 4659.416
537.740 5440.935
538.018 6209.942
538.296 7141.470
538.573 8063.583
538.851 9076.970
539.129 10163.423
539.406 11339.848
539.684 12758.505
539.962 14698.101
540.239 17218.503
540.517 20627.506
540.795 25124.631
541.072 30732.165
541.350 39489.590
541.627 51047.906
541.905 57705.929
542.183 58475.292
542.460 58414.222
542.738 58283.225
543.016 58120.097
543.293 58046.762
543.571 57878.305
543.849 57780.301
544.126 57559.976
544.404 57372.359
544.682 57166.279
544.959 56899.516
545.237 56557.959
545.515 56128.045
545.792 55532.782
546.070 54479.246
546.356 51776.804
546.642 46831.675
546.928 41379.092
547.214 37033.154
547.500 33538.315
547.786 30979.296
548.072 29095.351
548.358 27917.048
548.644 26608.556
548.930 25255.483
549.216 23701.006
549.502 21971.759
549.788 20064.210
550.074 18558.548
550.360 17613.843
550.646 17010.442
550.932 16350.715
551.218 15857.194
551.504 15460.277
551.790 15054.077
552.076 14665.764
552.362 14072.289
552.648 13203.659
552.934 12430.929
553.220 11345.791
553.506 10316.786
553.793 9332.732
554.079 8260.363
554.365 7211.777
554.651 6467.728
554.937 5728.534
555.223 5089.091
555.509 4543.190
555.795 4078.668
556.081 3695.846
556.367 3287.961
556.653 2987.364
556.939 2777.041
557.225 2612.104
557.511 2393.188
557.797 2256.601
558.083 2085.951
558.369 1965.832
558.655 1862.180
558.941 1770.292
559.227 1657.876
559.513 1578.130
559.799 1528.324
560.085 1478.008
560.371 1443.793
560.657 1412.914
560.943 1379.645
561.229 1368.262
561.515 1312.739
561.801 1259.796
562.087 1194.298
562.373 1183.682
562.659 1162.069
562.945 1102.146
563.231 1134.693
563.517 1091.427
563.803 1042.303
564.089 1047.222
564.375 974.361
564.661 930.941
564.947 915.160
565.233 918.036
565.519 923.882
565.805 913.999
566.091 931.717
566.377 869.400
566.663 812.030
566.949 785.322
567.235 838.732
567.521 857.383
567.807 838.569
568.093 830.479
568.379 806.691
568.665 838.243
568.951 859.075
569.237 838.240
569.524 842.050
569.810 790.617
570.096 753.909
570.382 740.018
570.668 724.144
570.954 763.067
571.240 832.441
571.526 894.877
571.812 905.778
572.098 887.825
572.384 936.434
572.670 996.949
572.956 1023.732
573.242 1058.453
573.528 1044.518
573.814 1119.838
574.100 1186.054
574.386 1238.528
574.672 1303.572
574.958 1435.123
575.244 1663.608
575.530 2017.711
575.816 2472.704
576.102 2937.589
576.388 3355.984
576.674 3655.686
576.960 3719.977
577.252 3707.116
577.543 3654.044
577.835 3726.177
578.127 4007.788
578.418 4551.171
578.710 5157.678
579.002 5878.703
579.293 6604.809
579.585 7117.123
579.877 7494.461
580.168 7777.437
580.460 8073.695
580.752 8213.247
581.043 8238.810
581.335 8409.497
581.627 8682.892
581.918 9172.416
582.210 9612.010
582.502 10164.247
582.793 10830.752
583.085 11385.002
583.376 11868.999
583.668 12083.759
583.960 11983.269
584.251 11775.682
584.543 11672.366
584.835 11260.083
585.126 11019.322
585.418 11035.873
585.710 11115.603
586.001 11558.637
586.293 12353.582
586.585 13348.382
586.876 14327.992
587.168 15003.715
587.460 15419.814
587.751 15461.072
588.043 15008.551
588.335 14066.688
588.626 13131.609
588.918 12262.421
589.210 11586.062
589.501 11117.068
589.793 10720.748
590.085 10462.995
590.376 10100.687
590.668 9837.991
590.960 9561.826
591.251 9408.723
591.543 9277.207
591.835 9319.882
592.126 9609.890
592.418 9774.776
592.710 9978.460
593.001 10096.884
593.293 10023.096
593.585 9653.826
593.876 9114.465
594.168 8456.987
594.460 7636.593
594.751 7009.521
595.043 6455.923
595.334 5994.902
595.626 5710.022
595.918 5376.729
596.209 5136.626
596.501 4916.601
596.793 4762.000
597.084 4588.406
597.376 4476.236
597.668 4408.006
597.959 4422.157
598.251 4586.779
598.543 4691.988
598.834 5036.171
599.126 5394.826
599.418 5573.714
599.709 5741.109
600.001 5746.780
600.293 5467.596
600.584 5251.966
600.876 5023.501
601.168 4635.648
601.459 4299.634
601.751 4018.618
602.043 3776.071
602.334 3652.463
602.626 3554.505
602.918 3368.615
603.209 3209.509
603.501 3142.717
603.793 3023.738
604.084 2959.632
604.376 2972.628
604.668 2965.571
604.959 2973.574
605.251 2927.268
605.543 2894.967
605.834 3000.706
606.126 3067.304
606.418 3108.784
606.709 3320.216
607.001 3511.833
607.292 3770.709
607.584 4054.449
607.876 4538.767
608.167 4935.653
608.459 5579.533
608.751 6540.406
609.042 7922.198
609.334 9803.749
609.626 12628.879
609.917 17078.395
610.209 23656.774
610.501 31810.108
610.792 40920.681
611.084 49466.798
611.376 55400.472
611.667 57842.240
611.959 57733.939
612.251 55968.714
612.542 52782.921
612.834 48130.700
613.126 44455.213
613.417 42006.871
613.709 40021.346
614.001 38719.088
614.292 37211.840
614.584 35784.301
614.876 34370.604
615.167 32779.928
615.459 30799.615
615.751 28307.385
616.042 25713.600
616.334 23389.878
616.626 21127.971
616.917 18989.263
617.209 17327.420
617.501 15704.145
617.792 14326.739
618.084 13275.885
618.376 12379.224
618.667 11646.047
618.959 11090.873
619.250 10799.794
619.542 10538.994
619.834 10383.651
620.125 10152.645
620.417 10145.204
620.709 10001.614
621.000 9736.635
621.292 9650.034
621.584 9369.647
621.875 9001.592
622.167 8755.107
622.459 8646.159
622.750 8523.619
623.042 8189.570
623.334 8067.433
623.625 8008.522
623.917 7877.421
624.209 7794.411
624.500 7584.133
624.792 7441.261
625.084 7283.583
625.375 7072.464
625.667 6891.395
625.959 6595.822
626.250 6326.344
626.542 6088.680
626.834 5935.886
627.125 5904.635
627.417 5773.739
627.709 5739.523
628.000 5697.488
628.292 5581.161
628.584 5531.305
628.875 5520.081
629.167 5738.022
629.459 5947.618
629.750 6206.388
630.042 6761.801
630.334 7528.989
630.625 8139.143
630.917 8793.806
631.208 9190.832
631.500 9041.956
631.792 8561.758
632.083 7913.449
632.375 7039.103
632.667 6080.765
632.958 5386.398
633.250 4846.561
633.542 4416.403
633.833 4094.106
634.125 3909.751
634.417 3596.285
634.708 3330.475
635.000 3164.637
635.292 2966.403
635.583 2732.666
635.875 2587.817
636.167 2341.169
636.458 2160.423
636.750 1980.320
637.042 1868.403
637.333 1743.141
637.625 1544.439
637.917 1396.203
638.208 1301.363
638.500 1222.785
638.792 1204.924
639.083 1193.107
639.375 1110.762
639.667 1083.350
639.958 1104.032
640.250 1053.883
640.542 1003.528
640.833 981.861
641.125 981.840
641.417 962.170
641.708 1000.430
642.000 1006.639
642.292 986.954
642.583 956.944
642.875 901.041
643.166 944.574
643.458 988.017
643.750 1034.431
644.041 979.810
644.333 978.821
644.625 1029.118
644.916 1048.454
645.208 1007.536
645.500 1009.545
645.791 1060.284
646.083 1083.294
646.375 1080.015
646.666 1042.585
646.958 1047.417
647.250 1053.208
647.541 1016.267
647.833 1063.725
648.125 1037.867
648.416 1056.398
648.708 1087.602
649.000 1166.359
649.291 1326.533
649.583 1565.385
649.875 1783.489
650.166 2094.924
650.458 2293.877
650.750 2425.466
651.041 2465.391
651.333 2326.008
651.625 2209.083
651.916 2001.261
652.208 1827.467
652.500 1746.275
652.791 1766.399
653.083 1743.209
653.375 1687.736
653.666 1581.424
653.958 1588.413
654.250 1528.535
654.541 1393.510
654.833 1256.161
655.124 1209.865
655.416 1134.674
655.708 1098.864
655.999 1042.524
656.291 1019.986
656.583 927.965
656.874 907.305
657.166 906.363
657.458 927.018
657.749 922.321
658.041 930.704
658.333 905.325
658.624 850.811
658.916 766.943
659.208 713.319
659.499 712.105
659.791 640.200
660.083 625.117
660.374 661.554
660.666 642.346
660.958 647.676
661.249 740.055
661.541 854.390
661.833 1040.940
662.124 1213.488
662.416 1279.153
662.708 1385.778
662.999 1444.127
663.291 1417.906
663.583 1333.539
663.874 1175.609
664.166 1120.430
664.458 1025.007
664.749 959.126
665.041 967.688
665.333 933.205
665.624 893.866
665.916 890.990
666.208 953.203
666.499 944.518
666.791 950.226
667.082 946.329
667.374 972.288
667.666 982.846
667.957 963.558
668.249 901.804
668.541 906.623
668.832 891.086
669.124 829.142
669.416 804.019
669.707 786.418
669.999 787.382
670.291 778.461
670.582 777.275
670.874 769.520
671.166 714.977
671.457 719.824
671.749 733.142
672.041 694.304
672.332 687.505
672.624 685.255
672.916 672.618
673.207 643.461
673.499 607.119
673.791 600.307
674.082 562.366
674.374 553.174
674.666 581.408
674.957 597.959
675.249 635.930
675.541 607.690
675.832 581.397
676.124 585.289
676.416 576.522
676.707 578.467
676.999 620.333
677.291 586.251
677.582 604.748
677.874 639.448
678.166 614.104
678.457 650.163
678.749 612.148
679.040 605.323
679.332 684.267
679.624 645.278
679.915 627.731
680.207 660.223
680.499 616.403
680.790 610.558
681.082 639.766
681.374 634.277
681.665 627.465
681.957 641.080
682.249 631.350
682.540 591.464
682.832 545.741
683.124 558.813
683.415 528.683
683.707 539.370
683.999 581.155
684.290 501.463
684.582 451.898
684.874 406.219
685.165 449.948
685.457 499.993
685.749 537.854
686.040 637.851
686.332 710.664
686.624 790.476
686.915 930.143
687.207 995.125
687.499 1059.138
687.790 1114.421
688.082 1071.741
688.374 955.346
688.665 895.207
688.957 805.970
689.249 765.230
689.540 703.151
689.832 606.155
690.124 567.354
690.415 605.179
690.707 591.596
690.998 579.954
691.290 543.093
691.582 518.375
691.873 507.692
692.165 540.699
692.457 616.424
692.748 712.537
693.040 783.197
693.332 832.757
693.623 883.288
693.915 858.017
694.207 751.114
694.498 673.048
694.790 572.850
695.082 500.377
695.373 459.478
695.665 454.606
695.957 420.523
696.248 375.729
696.540 351.383
696.839 359.169
697.138 355.271
697.437 361.110
697.736 293.635
698.035 280.986
698.334 317.948
698.633 325.726
698.931 317.941
699.230 297.221
699.529 283.612
699.828 235.989
700.127 238.902
700.426 267.081
700.725 217.727
701.024 211.887
701.323 239.121
701.622 244.954
701.921 278.295
702.220 258.818
702.519 275.367
702.818 332.163
703.116 381.867
703.415 400.773
703.714 450.965
704.013 501.743
704.312 555.994
704.611 611.709
704.910 765.924
705.209 893.018
705.508 1076.168
705.807 1370.357
706.106 1600.354
706.405 1765.970
706.704 1963.412
707.003 2030.236
707.301 2029.249
707.600 2098.172
707.899 2296.003
708.198 2368.213
708.497 2474.095
708.796 2588.490
709.095 2627.567
709.394 2522.924
709.693 2246.757
709.992 2018.511
710.291 1826.618
710.590 1804.661
710.889 1846.089
711.188 1910.506
711.486 2051.286
711.785 2253.916
712.084 2464.438
712.383 2433.087
712.682 2272.050
712.981 2094.207
713.280 1823.557
713.579 1580.350
713.878 1388.115
714.177 1231.968
714.476 1019.601
714.775 901.853
715.074 852.800
715.372 786.862
715.671 737.646
715.970 693.642
716.269 652.290
716.568 592.820
716.867 532.696
717.166 523.197
717.465 518.178
717.764 458.453
718.063 440.820
718.362 376.495
718.661 317.513
718.960 281.576
719.259 301.009
719.558 293.949
719.856 243.787
720.155 227.638
720.454 235.945
720.753 215.957
721.052 182.587
721.351 158.476
721.650 149.363
721.949 168.590
722.248 129.243
722.547 181.924
722.846 181.920
723.145 165.874
723.444 178.040
723.742 144.568
724.041 149.635
724.340 139.489
724.639 168.053
724.938 174.140
725.237 171.091
725.536 169.056
725.835 144.687
726.134 138.451
726.433 125.262
726.732 137.429
727.031 168.865
727.330 152.634
727.629 137.417
727.928 124.228
728.226 153.636
728.525 207.174
728.824 175.762
729.123 139.284
729.422 133.201
729.721 128.001
730.020 153.301
730.319 115.847
730.618 88.426
730.917 100.555
731.216 107.629
731.515 121.658
731.814 158.017
732.112 129.730
732.411 103.359
732.710 106.382
733.009 95.278
733.308 106.267
733.607 141.545
733.906 107.159
734.205 78.957
734.504 88.934
734.803 101.002
735.102 145.118
735.401 130.038
735.700 128.024
735.999 91.747
736.298 123.871
736.596 120.734
736.895 103.679
737.194 88.629
737.493 104.673
737.792 79.594
738.091 75.502
738.390 91.530
738.689 55.453
738.988 95.434
739.287 114.449
739.586 82.412
739.885 138.464
740.184 176.322
740.482 108.317
740.781 92.313
741.080 131.178
741.379 134.170
741.678 113.187
741.977 134.162
742.276 151.988
742.575 158.970
742.874 157.967
743.173 170.937
743.472 167.771
743.771 146.830
744.070 116.915
744.369 109.932
744.668 128.871
744.966 131.857
745.265 93.967
745.564 88.977
745.863 113.898
746.162 141.810
746.461 137.818
746.760 128.840
747.059 76.991
747.358 69.011
747.657 140.791
747.956 128.823
748.255 114.860
748.554 98.904
748.852 78.959
749.151 54.029
749.450 83.935
749.749 62.994
750.048 35.038
750.347 104.755
750.646 114.710
750.945 120.682
751.244 103.745
751.543 86.808
751.842 81.824
752.141 85.803
752.440 83.890
752.739 75.910
753.038 62.944
753.336 91.853
753.635 94.839
753.934 104.910
754.233 127.859
754.532 78.952
754.831 79.946
755.130 81.020
755.429 71.025
755.728 57.035
756.027 81.087
756.326 77.083
756.625 95.078
756.924 95.073
757.222 98.167
757.521 153.217
757.820 147.207
758.119 144.343
758.418 172.395
758.717 237.520
759.016 309.970
759.315 377.546
759.614 407.662
759.913 477.413
760.212 468.835
760.511 395.389
760.810 370.606
761.109 324.604
761.408 244.200
761.706 142.422
762.005 130.296
762.304 159.746
762.603 164.963
762.902 152.967
763.201 166.302
763.500 159.359
763.806 177.809
764.112 212.573
764.418 198.730
764.724 174.438
765.030 147.033
765.336 146.155
765.641 136.065
765.947 130.185
766.253 134.420
766.559 80.165
766.865 68.914
767.171 87.627
767.477 77.382
767.783 113.769
768.089 152.381
768.395 121.508
768.701 123.710
769.007 157.331
769.313 175.419
769.618 163.215
769.924 124.728
770.230 121.830
770.536 112.480
770.842 133.809
771.148 144.504
771.454 122.453
771.760 115.170
772.066 100.456
772.372 68.744
772.678 101.612
772.984 117.514
773.290 86.755
773.595 84.629
773.901 119.618
774.207 121.734
774.513 49.565
774.819 47.441
775.125 85.481
775.431 89.708
775.737 60.010
776.043 80.089
776.349 100.062
776.655 103.115
776.961 118.807
777.267 91.308
777.572 61.764
777.878 62.744
778.184 82.610
778.490 96.145
778.796 135.829
779.102 146.142
779.408 131.354
779.714 120.773
780.020 89.359
780.326 52.802
780.632 64.188
780.938 92.182
781.244 80.659
781.549 82.644
781.855 73.226
782.161 121.799
782.467 116.377
782.773 91.483
783.079 82.105
783.385 60.388
783.691 56.205
783.997 114.723
784.303 126.920
784.609 109.348
784.915 101.034
785.221 115.255
785.527 135.581
785.832 78.156
786.138 75.013
786.444 90.206
786.750 104.350
787.056 106.271
787.362 97.021
787.668 92.860
787.974 82.628
788.280 76.389
788.586 61.155
788.892 47.969
789.198 68.076
789.504 58.939
789.809 29.699
790.115 14.588
790.421 49.708
790.727 73.651
791.033 61.621
791.339 78.571
791.645 86.487
791.951 86.394
792.257 121.233
792.563 115.124
792.869 68.191
793.175 48.217
793.481 78.978
793.786 89.818
794.092 55.993
794.398 64.851
794.704 93.494
795.010 80.537
795.316 47.891
795.622 45.861
795.928 73.451
796.234 57.651
796.540 38.850
796.846 45.748
797.152 77.224
797.458 86.985
797.763 55.428
798.069 69.121
798.375 71.991
798.681 77.797
798.987 67.007
799.293 64.976
799.599 39.467
799.905 37.467
800.211 64.832
800.517 76.482
800.823 92.101
801.129 92.005
801.435 95.901
801.740 70.461
802.046 68.439
802.352 42.102
802.658 25.534
802.964 18.726
803.270 99.381
803.576 94.424
803.882 117.605
804.188 121.361
804.494 88.409
804.800 93.158
805.106 104.768
805.412 83.384
805.717 73.636
806.023 82.326
806.329 88.117
806.635 78.373
806.941 69.680
807.247 72.570
807.553 98.530
807.859 73.452
808.165 85.018
808.471 62.832
808.777 87.814
809.083 113.819
809.389 161.983
809.694 191.657
810.000 234.962
810.306 343.714
810.612 440.917
810.918 516.945
811.224 553.513
811.530 564.094
811.839 497.678
812.148 398.538
812.457 330.197
812.766 277.255
813.076 212.763
813.385 206.982
813.694 198.314
814.003 200.233
814.312 181.940
814.621 186.926
814.930 168.615
815.239 132.127
815.548 134.049
815.858 194.983
816.167 204.629
816.476 182.598
816.785 152.788
817.094 173.091
817.403 167.444
817.712 176.320
818.021 201.508
818.330 221.095
818.640 198.002
818.949 175.837
819.258 176.001
819.567 147.784
819.876 108.973
820.185 111.131
820.494 128.811
820.803 124.898
821.112 154.339
821.422 70.334
821.731 90.073
822.040 119.596
822.349 98.095
822.658 101.135
822.967 106.149
823.276 118.069
823.585 114.347
823.894 100.619
824.204 84.970
824.513 74.145
824.822 77.188
825.131 68.388
825.440 98.300
825.749 141.361
826.058 87.603
826.367 149.621
826.676 174.939
826.986 148.053
827.295 133.149
827.604 121.349
827.913 79.211
828.222 71.299
828.531 120.808
828.840 124.079
829.149 143.573
829.458 215.939
829.768 223.265
830.077 219.639
830.386 210.681
830.695 168.203
831.004 161.210
831.313 163.582
831.622 140.153
831.931 105.490
832.240 149.830
832.550 120.110
832.859 102.807
833.168 98.875
833.477 78.347
833.786 97.093
834.095 47.391
834.404 38.107
834.713 63.165
835.022 78.963
835.332 138.662
835.641 148.379
835.950 119.146
836.259 122.543
836.568 159.674
836.877 76.582
837.186 58.685
837.495 86.343
837.804 78.026
838.114 109.035
838.423 91.136
838.732 57.073
839.041 56.118
839.350 108.749
839.659 72.376
839.968 47.793
840.277 56.508
840.586 83.620
840.895 67.558
841.205 67.697
841.514 65.661
841.823 42.874
842.132 64.840
842.441 84.667
842.750 68.396
843.059 57.549
843.368 97.315
843.677 106.468
843.987 76.795
844.296 88.056
844.605 92.692
844.914 88.431
845.223 76.329
845.532 37.297
845.841 11.558
846.150 22.850
846.459 42.127
846.769 53.538
847.078 71.894
847.387 67.493
847.696 116.858
848.005 97.755
848.314 88.877
848.623 82.342
848.932 81.459
849.241 54.895
849.551 57.479
849.860 99.992
850.169 105.047
850.478 94.884
850.787 108.405
851.096 110.240
851.405 114.503
851.714 138.356
852.023 80.851
852.333 94.985
852.642 116.918
852.951 161.793
853.260 130.344
853.569 107.263
853.878 79.802
854.187 62.196
854.496 33.944
854.805 95.629
855.115 90.738
855.424 56.711
855.733 44.960
856.042 78.181
856.351 120.553
856.660 83.567
856.969 108.610
857.278 91.380
857.587 85.957
857.897 30.350
858.206 44.751
858.515 99.813
858.824 130.995
859.133 116.110
859.442 80.535
859.751 64.667
860.060 91.384
860.369 97.314
860.679 118.490
860.988 96.182
861.297 50.289
861.606 83.692
861.915 89.380
862.224 54.139
862.533 -0.192
862.842 21.697
863.151 76.991
863.461 87.206
863.770 122.099
864.079 129.327
864.388 79.194
864.697 95.922
865.006 116.979
865.315 72.705
865.624 29.133
865.933 60.252
866.243 46.424
866.552 61.508
866.861 43.502
867.170 38.813
867.479 92.348
867.788 102.232
868.097 98.387
868.406 76.496
868.715 68.612
869.025 107.523
869.334 40.827
869.643 17.008
869.952 39.252
870.261 56.177
870.570 71.821
870.879 83.346
871.188 98.796
871.497 70.589
871.807 58.457
872.116 59.081
872.425 83.947
872.734 68.088
873.043 7.240
873.352 35.905
873.661 55.724
873.970 47.914
874.279 53.395
874.589 72.017
874.898 62.357
875.207 66.787
875.516 83.289
875.825 85.754
876.134 137.311
876.443 108.324
876.752 96.057
877.061 129.728
877.371 178.769
877.680 171.883
877.989 165.946
878.298 173.810
878.607 147.060
878.916 114.236
879.225 76.114
879.534 68.699
879.843 61.379
880.153 57.724
880.462 81.805
880.771 75.389
881.080 75.245
881.389 91.145
881.698 95.422
882.007 76.593
882.316 119.995
882.625 128.630
882.935 117.784
883.244 84.910
883.553 77.772
883.862 82.980
884.171 53.802
884.480 48.473
884.789 86.174
885.098 99.247
885.407 76.297
885.717 67.472
886.026 76.952
886.335 101.220
886.644 70.635
886.953 82.749
887.262 119.190
887.571 79.981
887.880 41.707
888.189 66.814
888.499 52.928
888.808 59.805
889.117 50.264
889.426 61.466
889.735 62.323
890.044 31.118
890.353 57.925
890.662 57.002
890.971 76.007
891.280 75.998
891.590 56.924
891.899 75.979
892.208 79.358
892.517 124.254
892.826 152.610
893.135 133.618
893.444 140.511
893.753 142.105
894.062 136.923
894.372 116.224
894.681 106.731
894.990 111.894
895.299 101.540
895.608 85.151
895.917 113.688
896.226 99.010
896.535 67.076
896.844 39.457
897.154 42.898
897.463 83.441
897.772 87.745
898.081 83.493
898.390 57.626
898.699 67.124
899.008 112.155
899.317 72.415
899.626 45.605
899.936 88.922
900.245 95.060
900.554 59.543
900.863 43.077
901.172 30.930
901.481 68.311
901.790 65.807
902.099 58.880
902.408 52.812
902.718 40.657
903.027 38.057
903.336 45.086
903.645 62.643
903.954 44.306
904.263 40.855
904.572 31.225
904.881 40.906
905.190 40.050
905.500 37.460
905.809 77.338
906.118 76.511
906.427 34.932
906.736 58.983
907.045 92.025
907.354 41.331
907.663 35.138
907.972 74.648
908.282 64.897
908.591 29.931
908.900 45.289
909.209 85.973
909.518 72.621
909.827 66.335
910.136 60.147
910.445 38.407
910.754 58.520
911.064 57.702
911.373 28.519
911.682 67.974
911.991 67.169
912.300 77.471
912.615 73.913
912.929 91.682
913.244 86.280
913.558 66.930
913.873 95.969
914.188 95.203
914.502 58.921
914.817 67.446
915.131 70.375
915.446 37.600
915.760 48.017
916.075 74.510
916.390 51.057
916.704 54.933
917.019 58.824
917.333 6.592
917.648 18.032
917.963 31.425
918.277 60.239
918.592 84.253
918.906 84.402
919.221 40.279
919.536 43.237
919.850 64.563
920.165 88.877
920.479 77.397
920.794 85.309
921.108 88.383
921.423 104.152
921.738 100.531
922.052 53.656
922.367 54.731
922.681 56.793
922.996 53.933
923.311 37.228
923.625 58.080
923.940 76.955
924.254 41.344
924.569 31.432
924.884 48.364
925.198 83.342
925.513 56.466
925.827 73.565
926.142 70.551
926.456 58.537
926.771 65.523
927.086 86.509
927.400 90.495
927.715 42.481
928.029 29.467
928.344 46.453
928.659 20.438
928.973 29.424
929.288 57.410
929.602 81.396
929.917 77.381
930.232 84.367
930.546 72.353
930.861 48.338
931.175 45.324
931.490 58.309
931.804 62.295
932.119 40.280
932.434 17.266
932.748 70.251
933.063 63.236
933.377 75.222
933.692 64.207
934.007 62.192
934.321 116.178
934.636 93.163
934.950 50.148
935.265 49.133
935.580 48.118
935.894 50.103
936.209 32.088
936.523 17.073
936.838 59.058
937.152 76.043
937.467 47.028
937.782 41.013
938.096 87.997
938.411 83.982
938.725 99.967
939.040 80.952
939.355 81.936
939.669 56.921
939.984 74.905
940.298 96.890
940.613 81.874
940.928 93.859
941.242 58.843
941.557 59.828
941.871 107.812
942.186 86.796
942.500 57.781
942.815 59.765
943.130 76.749
943.444 67.733
943.759 75.718
944.073 57.702
944.388 50.686
944.703 99.670
945.017 119.654
945.332 60.638
945.646 61.622
945.961 87.605
946.276 62.589
946.590 81.573
946.905 85.557
947.219 80.541
947.534 45.524
947.848 47.508
948.163 57.491
948.478 71.475
948.792 75.459
949.107 35.442
949.421 53.425
949.736 82.409
950.051 78.392
950.365 75.376
950.680 61.359
950.994 75.342
951.309 63.325
951.624 58.308
951.938 103.292
952.253 101.275
952.567 75.258
952.882 60.241
953.196 49.224
953.511 62.207
953.826 93.189
954.140 102.172
954.455 110.155
954.769 89.138
955.084 86.121
955.399 75.103
955.713 52.086
956.028 71.068
956.342 64.051
956.657 50.034
956.972 36.016
957.286 42.998
957.601 42.981
957.915 59.963
958.230 50.945
958.544 29.928
958.859 69.910
959.174 66.892
959.488 105.874
959.803 104.856
960.117 67.838
960.432 102.820
960.747 97.802
961.061 104.784
961.376 104.766
961.690 108.748
962.005 57.729
962.320 83.711
962.634 82.693
962.949 52.675
963.263 65.656
963.578 126.638
963.892 99.619
964.207 50.601
964.522 92.582
964.836 69.563
965.151 44.545
965.465 50.526
965.780 90.507
966.101 73.488
966.421 47.469
966.742 23.451
967.063 40.432
967.384 36.413
967.704 39.394
968.025 30.374
968.346 48.355
968.666 70.336
968.987 85.317
969.308 51.298
969.629 56.278
969.949 82.259
970.270 77.239
970.591 82.220
970.911 60.200
971.232 35.181
971.553 72.161
971.874 113.141
972.194 72.122
972.515 72.102
972.836 43.082
973.156 45.062
973.477 37.042
973.798 24.022
974.118 29.002
974.439 87.982
974.760 91.962
975.081 107.942
975.401 84.922
975.722 87.902
976.043 100.881
976.363 71.861
976.684 74.840
977.005 89.820
977.326 75.799
977.646 30.779
977.967 40.758
978.288 63.738
978.608 105.717
978.929 91.696
979.250 56.675
979.571 61.654
979.891 77.633
980.212 61.612
980.533 83.591
980.853 78.570
981.174 107.549
981.495 101.528
981.816 83.507
982.136 60.485
982.457 53.464
982.778 47.443
983.098 56.421
983.419 59.400
983.740 87.378
984.061 65.356
984.381 45.335
984.702 63.313
985.023 49.291
985.343 45.269
985.664 53.248
985.985 48.226
986.305 70.204
986.626 33.181
986.947 30.159
987.268 94.137
987.588 139.115
987.909 152.093
988.230 109.070
988.550 63.048
988.871 32.025
989.192 35.003
989.513 33.980
989.833 58.958
990.154 72.935
990.475 84.912
990.795 59.890
991.116 22.867
991.437 44.844
991.758 82.821
992.078 88.798
992.399 86.775
992.720 73.751
993.040 44.728
993.361 67.705
993.682 94.682
994.003 111.658
994.323 63.635
994.644 73.611
994.965 75.588
995.285 50.564
995.606 62.540
995.927 72.517
996.248 54.493
996.568 85.469
996.889 67.445
997.210 28.421
997.530 50.397
997.851 51.373
998.172 43.349
998.492 39.325
998.813 23.300
999.134 51.276
999.455 73.252
999.775 88.227
1000.096 97.203
1000.417 89.178
1000.737 102.153
1001.058 73.129
1001.379 62.104
1001.700 42.079
1002.020 61.054
1002.341 86.029
1002.662 115.004
1002.982 107.979
1003.303 76.954
1003.624 70.928
1003.945 101.903
1004.265 67.878
1004.586 79.852
1004.907 44.827
1005.227 22.801
1005.548 82.776
1005.869 127.750
1006.190 101.724
1006.510 78.698
1006.831 87.672
1007.152 98.646
1007.472 89.620
1007.793 53.594
1008.114 45.568
1008.435 79.542
1008.755 62.516
1009.076 34.489
1009.397 74.463
1009.717 97.436
1010.038 93.410
1010.359 92.383
1010.679 86.356
1011.000 89.330
1011.321 81.303
1011.642 51.276
1011.962 51.249
1012.283 91.222
1012.604 104.195
1012.924 119.168
1013.245 88.140
1013.566 88.113
1013.887 131.086
1014.207 97.058
1014.528 83.031
1014.849 81.003
1015.169 79.975
1015.490 124.947
1015.811 104.920
1016.132 94.892
1016.452 76.864
1016.773 41.836
1017.094 26.808
1017.414 113.779
1017.735 106.751
1018.056 95.723
1018.377 103.694
1018.697 89.666
1019.018 102.637
1019.339 52.609
1019.659 54.580
1019.980 88.551
1020.301 96.522
1020.622 67.493
1020.942 71.464
1021.263 97.435
1021.584 51.406
1021.904 72.377
1022.225 109.348
1022.546 96.318
1022.867 74.289
1023.187 59.259
1023.508 73.230
1023.829 99.200
1024.149 107.170
1024.470 101.140
1024.791 85.110
1025.111 73.080
1025.432 98.050
1025.753 79.020
1026.074 75.990
1026.394 64.960
1026.715 41.929
1027.036 63.899
1027.356 83.868
1027.677 12.838
1027.998 -0.193
1028.319 55.776
1028.639 117.745
1028.960 95.714
1029.281 52.683
1029.601 57.652
1029.922 29.621
1030.243 36.590
1030.564 79.558
1030.884 91.527
1031.205 95.496
1031.526 117.464
1031.846 87.432
1032.167 55.400
1032.488 91.369
1032.809 104.337
1033.129 85.305
1033.450 101.273
1033.771 111.240
1034.091 77.208
1034.412 75.176
1034.733 70.143
1035.054 57.111
1035.374 35.078
1035.695 33.046
1036.016 50.013
1036.336 71.980
1036.657 90.947
1036.978 93.914
1037.298 85.881
1037.619 96.848
1037.940 118.814
1038.261 84.781
1038.581 91.748
1038.902 113.714
1039.223 88.681
1039.543 71.647
1039.864 50.613
1040.185 26.579
1040.506 45.545
1040.826 78.511
1041.147 56.477
1041.468 34.443
1041.788 47.408
1042.109 103.374
1042.430 95.339
1042.751 56.305
1043.071 63.270
1043.392 64.235
1043.713 89.200
1044.033 46.166
1044.354 58.130
1044.675 89.095
1044.996 78.060
1045.316 70.025
1045.637 45.989
1045.958 54.954
1046.278 38.918
1046.599 14.883
1046.920 43.847
1047.241 49.811
1047.561 64.775
1047.882 97.739
1048.203 100.703
1048.523 103.666
1048.844 100.630
1049.165 112.594
1049.485 100.557
1049.806 71.521
1050.127 33.484
1050.448 42.447
1050.768 83.410
1051.089 65.373
1051.410 88.336
1051.730 53.299
1052.051 64.261
1052.372 107.224
1052.693 75.187
1053.013 82.149
1053.334 72.111
1053.655 46.074
1053.975 82.036
1054.296 85.998
1054.617 59.960
1054.938 88.921
1055.258 93.883
1055.579 60.845
1055.900 57.806
1056.220 73.768
1056.541 21.729
1056.862 41.690
1057.183 72.652
1057.503 107.613
1057.824 56.573
1058.145 69.534
1058.465 72.495
1058.786 74.456
1059.107 71.416
1059.428 79.377
1059.748 94.337
1060.069 65.297
1060.390 30.257
1060.710 91.217
1061.031 116.177
1061.352 83.137
1061.672 101.097
1061.993 129.056
1062.314 96.016
1062.635 55.975
1062.955 92.935
1063.276 81.894
1063.597 83.853
1063.917 127.812
1064.238 58.771
1064.559 34.730
1064.880 86.688
1065.200 59.647
1065.521 67.605
1065.842 93.564
1066.162 47.522
1066.483 46.480
1066.804 115.438
1067.125 144.396
1067.445 155.354
1067.766 103.312
1068.087 96.269
1068.407 131.227
1068.728 127.184
1069.049 87.142
1069.370 48.099
1069.690 61.056
1070.011 107.013
1070.332 117.970
1070.652 95.926
1070.973 126.883
1071.294 93.840
1071.615 92.796
1071.935 107.752
1072.256 87.709
1072.577 79.665
1072.897 85.621
1073.218 94.577
1073.539 88.532
1073.859 84.488
1074.180 102.444
1074.501 125.399
1074.822 153.354
1075.142 143.310
1075.463 122.265
1075.784 92.220
1076.104 130.175
1076.425 139.129
1076.746 154.084
1077.067 180.039
1077.387 196.993
1077.708 174.947
1078.029 198.901
1078.349 222.856
1078.670 227.810
1078.991 241.763
1079.312 273.717
1079.632 287.671
1079.953 225.624
1080.274 241.578
1080.594 279.531
1080.915 347.484
1081.236 327.437
1081.557 372.390
1081.877 389.343
1082.198 413.296
1082.519 511.248
1082.839 642.201
1083.160 685.153
1083.481 712.106
1083.802 817.058
1084.122 983.010
1084.443 1103.962
1084.764 1154.913
1085.084 1176.865
1085.405 1217.817
1085.726 1261.768
1086.046 1284.720
1086.367 1270.671
1086.688 1293.622
1087.009 1337.573
1087.329 1361.524
1087.650 1367.474
1087.971 1378.425
1088.291 1372.376
1088.612 1351.326
1088.933 1297.276
1089.254 1317.226
1089.574 1304.176
1089.895 1227.126
1090.216 1237.076
1090.536 1156.026
1090.857 1201.975
1091.178 1275.925
1091.499 1354.874
1091.819 1411.823
1092.140 1468.772
1092.475 1400.721
1092.810 1275.670
1093.145 1139.619
1093.480 995.568
1093.816 899.516
1094.151 770.464
1094.486 730.413
1094.821 691.361
1095.156 668.309
1095.491 657.257
1095.826 584.205
1096.161 536.152
1096.497 548.100
1096.832 483.047
1097.167 428.994
1097.502 463.942
1097.837 482.889
1098.172 492.836
1098.507 492.782
1098.842 461.729
1099.178 457.676
1099.513 442.622
1099.848 432.568
1100.183 431.515
1100.518 419.461
1100.853 351.407
1101.188 350.352
1101.523 395.298
1101.859 384.244
1102.194 406.189
1102.529 439.135
1102.864 335.080
1103.199 276.025
1103.534 322.970
1103.869 339.915
1104.204 301.860
1104.540 267.804
1104.875 348.749
1105.210 328.693
1105.545 303.637
1105.880 295.582
1106.215 283.526
1106.550 268.469
1106.885 261.413
1107.221 258.357
1107.556 252.300
1107.891 264.244
1108.226 249.187
1108.561 178.130
1108.896 161.073
1109.231 202.016
1109.566 158.959
1109.902 129.902
1110.237 164.844
1110.572 163.787
1110.907 187.729
1111.242 150.672
1111.577 167.614
1111.912 166.556
1112.247 164.497
1112.583 126.439
1112.918 125.381
1113.253 118.322
1113.588 137.264
1113.923 153.205
1114.258 89.146
1114.593 72.087
1114.928 106.028
1115.264 131.969
1115.599 134.909
1115.934 116.850
1116.269 68.790
1116.604 44.731
1116.939 87.671
1117.274 112.611
1117.609 116.551
1117.945 56.491
1118.280 61.431
1118.615 72.370
1118.950 57.310
1119.285 39.249
1119.620 19.188
1119.955 73.127
1120.290 142.066
1120.626 80.005
1120.961 64.944
1121.296 82.883
1121.631 66.821
1121.966 80.760
1122.301 83.698
1122.636 29.636
1122.971 1.575
1123.306 54.513
1123.642 91.450
1123.977 74.388
1124.312 38.326
1124.647 39.263
1124.982 53.201
1125.317 20.138
1125.652 21.075
1125.987 30.013
1126.323 50.949
1126.658 49.886
1126.993 46.823
1127.328 59.760
1127.663 50.696
1127.998 42.633
1128.333 48.569
1128.668 67.505
1129.004 61.441
1129.339 47.377
1129.674 56.313
1130.009 71.249
1130.344 79.185
1130.679 70.120
1131.014 1.056
1131.349 13.991
1131.685 30.927
1132.020 46.862
1132.355 67.797
1132.690 36.732
1133.025 50.667
1133.360 76.601
1133.695 51.536
1134.030 56.471
1134.366 34.405
1134.701 28.339
1135.036 39.274
1135.371 19.208
1135.706 14.142
1136.041 62.076
1136.376 86.010
1136.711 72.943
1137.047 52.877
1137.382 47.811
1137.717 63.744
1138.052 18.677
1138.387 13.611
1138.722 42.544
1139.057 58.477
1139.392 27.410
1139.728 50.343
1140.063 53.276
1140.398 33.208
1140.733 47.141
1141.068 34.074
1141.403 54.006
1141.738 36.939
1142.073 22.871
1142.409 46.803
1142.744 17.735
1143.079 39.667
1143.414 -2.401
1143.749 26.531
1144.084 49.463
1144.419 60.395
1144.754 68.326
1145.090 53.258
1145.425 80.189
1145.760 39.121
1146.095 5.052
1146.430 33.983
1146.765 40.914
1147.100 4.845
1147.435 13.776
1147.771 54.707
1148.106 47.638
1148.441 9.569
1148.776 26.500
1149.111 34.430
1149.446 26.361
1149.781 86.291
1150.116 58.222
1150.452 15.152
1150.787 0.083
1151.122 18.013
1151.457 0.943
1151.792 49.873
1152.127 70.803
1152.462 76.733
1152.797 76.663
1153.133 71.593
1153.468 64.523
1153.803 91.453
1154.138 97.382
1154.473 76.312
1154.808 101.242
1155.143 104.171
1155.478 78.101
1155.814 98.030
1156.149 117.960
1156.484 108.889
1156.819 72.818
1157.154 66.748
1157.489 58.677
1157.824 55.606
1158.159 51.535
1158.494 116.465
1158.830 118.394
1159.165 134.323
1159.500 159.252
1159.835 170.181
1160.170 171.110
1160.505 127.038
1160.840 149.967
1161.175 173.896
1161.511 146.825
1161.846 156.754
1162.181 174.683
1162.516 173.611
1162.851 156.540
1163.186 162.469
1163.521 98.397
1163.856 98.326
1164.192 98.255
1164.527 102.183
1164.862 151.112
1165.197 168.041
1165.532 168.969
1165.867 106.898
1166.202 138.826
1166.537 149.755
1166.873 118.683
1167.208 128.612
1167.543 138.541
1167.878 178.469
1168.213 221.398
1168.548 224.326
1168.883 185.255
1169.218 202.183
1169.554 224.112
1169.889 198.041
1170.224 167.969
1170.559 199.898
1170.894 177.826
1171.229 209.755
1171.564 193.684
1171.899 173.612
1172.235 180.541
1172.570 190.470
1172.905 175.398
1173.240 149.327
1173.575 161.256
1173.910 166.185
1174.245 168.114
1174.580 117.042
1174.916 139.971
1175.251 168.900
1175.586 227.829
1175.921 202.758
1176.256 225.687
1176.591 273.617
1176.926 277.546
1177.261 286.475
1177.597 309.404
1177.932 307.333
1178.267 297.263
1178.602 227.192
1178.937 187.122
1179.272 169.051
1179.607 191.981
1179.942 207.910
1180.278 178.840
1180.613 166.770
1180.948 122.700
1181.283 88.630
1181.618 98.560
1181.953 92.490
1182.288 123.420
1182.623 107.350
1182.959 127.280
1183.294 128.211
1183.629 97.141
1183.964 127.072
1184.299 149.002
1184.634 84.933
1184.969 44.864
1185.304 76.795
1185.640 106.726
1185.975 96.657
1186.310 92.588
1186.645 51.520
1186.980 94.451
1187.315 106.383
1187.650 154.314
1187.985 166.246
1188.320 171.178
1188.656 179.110
1188.991 178.042
1189.326 123.974
1189.661 121.907
1189.996 104.839
1190.331 82.772
1190.666 94.704
1191.001 119.637
1191.337 105.570
1191.672 91.504
1192.007 74.437
1192.342 62.370
1192.677 61.304
1193.012 40.238
1193.347 35.171
1193.682 61.105
1194.018 89.040
1194.353 79.974
1194.688 41.908
1195.023 -0.157
1195.358 30.778
1195.693 79.713
1196.028 29.648
1196.363 7.583
1196.699 74.519
1197.034 85.455
1197.369 46.390
1197.704 11.326
1198.039 54.263
1198.374 65.199
1198.709 78.136
1199.044 52.072
1199.380 52.009
1199.715 34.946
1200.050 54.884
1200.385 92.821
1200.720 83.759
1201.055 88.697
1201.390 57.635
1201.725 113.574
1202.061 116.512
1202.396 108.451
1202.731 83.390
1203.066 54.329
1203.401 78.269
1203.736 65.208
1204.071 86.148
1204.406 90.088
1204.742 13.029
1205.077 10.969
1205.412 17.910
1205.747 33.851
1206.082 43.793
1206.417 41.734
1206.752 67.676
1207.087 90.618
1207.423 54.560
1207.758 52.503
1208.093 63.446
1208.428 54.389
1208.763 -15.668
1209.098 5.276
1209.433 26.220
1209.768 31.164
1210.104 31.108
1210.439 40.053
1210.774 24.998
1211.109 47.943
