1404.000	389.667
1405.000	340.000
1406.000	351.000
1407.000	325.333
1408.000	336.333
1409.000	343.000
1410.000	406.000
1411.000	386.333
1412.000	354.667
1413.000	369.000
1414.000	411.000
1415.000	366.667
1416.000	337.333
1417.000	355.667
1418.000	401.667
1419.000	395.000
1420.000	410.333
1421.000	390.667
1422.000	399.333
1423.000	411.000
1424.000	429.667
1425.000	394.333
1426.000	398.667
1427.000	372.667
1428.000	343.667
1429.000	337.333
1430.000	398.333
1431.000	498.667
1432.000	628.333
1433.000	547.333
1434.000	415.667
1435.000	481.000
1436.000	610.667
1437.000	521.333
1438.000	464.667
1439.000	444.667
1440.000	451.000
1441.000	424.667
1442.000	450.667
1443.000	440.333
1444.000	425.333
1445.000	437.667
1446.000	518.667
1447.000	418.667
1448.000	349.333
1449.000	405.333
1450.000	539.000
1451.000	470.667
1452.000	421.000
1453.000	412.000
1454.000	434.000
1455.000	433.667
1456.000	460.667
1457.000	393.667
1458.000	368.000
1459.000	399.000
1460.000	422.000
1461.000	413.333
1462.000	521.333
1463.000	566.333
1464.000	542.000
1465.000	520.000
1466.000	520.667
1467.000	440.333
1468.000	412.000
1469.000	537.333
1470.000	762.000
1471.000	605.000
1472.000	407.667
1473.000	373.000
1474.000	415.000
1475.000	407.333
1476.000	416.000
1477.000	431.000
1478.000	491.000
1479.000	480.667
1480.000	474.667
1481.000	419.000
1482.000	415.000
1483.000	446.000
1484.000	469.333
1485.000	420.000
1486.000	428.333
1487.000	491.333
1488.000	571.333
1489.000	519.000
1490.000	557.000
1491.000	482.000
1492.000	455.000
1493.000	434.667
1494.000	492.333
1495.000	522.333
1496.000	523.000
1497.000	527.333
1498.000	615.000
1499.000	651.333
1500.000	738.000
1501.000	702.000
1502.000	670.333
1503.000	675.333
1504.000	790.333
1505.000	771.667
1506.000	843.667
1507.000	915.333
1508.000	991.000
1509.000	920.000
1510.000	937.333
1511.000	944.667
1512.000	991.333
1513.000	950.667
1514.000	1003.000
1515.000	1121.667
1516.000	1324.333
1517.000	1374.333
1518.000	1458.000
1519.000	1565.333
1520.000	1705.667
1521.000	1909.000
1522.000	2251.667
1523.000	2449.000
1524.000	2711.667
1525.000	2875.667
1526.000	3125.000
1527.000	3455.333
1528.000	3833.333
1529.000	4153.000
1530.000	4637.000
1531.000	5132.667
1532.000	5706.667
1533.000	6372.333
1534.000	7219.667
1535.000	8162.333
1536.000	9081.000
1537.000	10020.667
1538.000	11060.333
1539.000	12014.333
1540.000	13087.667
1541.000	14266.000
1542.000	15462.333
1543.000	16466.667
1544.000	17498.667
1545.000	18559.000
1546.000	19795.667
1547.000	20908.667
1548.000	22061.000
1549.000	23101.000
1550.000	24103.333
1551.000	24965.667
1552.000	25964.667
1553.000	26932.000
1554.000	27851.667
1555.000	28673.000
1556.000	29391.667
1557.000	29809.333
1558.000	30358.000
1559.000	30920.000
1560.000	31406.333
1561.000	31629.333
1562.000	31800.333
1563.000	31755.000
1564.000	31662.667
1565.000	31455.000
1566.000	31289.000
1567.000	30752.333
1568.000	30174.000
1569.000	29543.000
1570.000	28910.000
1571.000	27972.333
1572.000	27015.667
1573.000	25917.333
1574.000	24872.333
1575.000	23695.000
1576.000	22542.667
1577.000	21117.000
1578.000	19709.333
1579.000	18362.667
1580.000	17023.667
1581.000	15626.667
1582.000	14397.667
1583.000	13263.000
1584.000	12124.000
1585.000	10650.000
1586.000	9305.000
1587.000	8313.333
1588.000	7452.333
1589.000	6195.000
1590.000	5089.000
1591.000	4392.333
1592.000	3769.000
1593.000	3035.333
1594.000	2487.333
1595.000	2072.667
1596.000	1691.667
1597.000	1335.333
1598.000	1130.333
1599.000	933.000
1600.000	788.667
1601.000	724.333
1602.000	751.000
1603.000	747.000
1604.000	810.333
1605.000	700.667
1606.000	603.667
1607.000	542.000
1608.000	527.667
1609.000	438.667
1610.000	407.333
1611.000	388.667
1612.000	422.667
1613.000	409.333
1614.000	452.333
1615.000	437.000
1616.000	455.000
1617.000	427.667
1618.000	463.000
1619.000	509.333
1620.000	539.000
1621.000	469.333
1622.000	457.000
1623.000	431.000
1624.000	416.000
1625.000	448.000
1626.000	536.333
1627.000	498.000
1628.000	425.000
1629.000	382.333
1630.000	377.000
1631.000	371.667
1632.000	412.333
1633.000	396.667
1634.000	415.333
1635.000	378.667
1636.000	382.000
1637.000	399.000
1638.000	434.667
1639.000	411.000
1640.000	400.000
1641.000	382.333
1642.000	460.333
1643.000	496.667
1644.000	502.333
1645.000	447.000
1646.000	458.333
1647.000	415.000
1648.000	404.333
1649.000	373.667
1650.000	382.000
1651.000	377.667
1652.000	369.667
1653.000	406.667
1654.000	482.333
1655.000	409.667
1656.000	403.333
1657.000	363.333
1658.000	394.667
1659.000	374.333
1660.000	355.333
1661.000	346.000
1662.000	409.333
1663.000	381.333
1664.000	368.333
1665.000	363.667
1666.000	408.667
1667.000	389.000
1668.000	341.000
1669.000	314.333
1670.000	315.667
1671.000	315.333
1672.000	340.000
1673.000	342.667
1674.000	414.333
1675.000	424.333
1676.000	410.000
1677.000	383.333
1678.000	395.667
1679.000	380.333
1680.000	377.000
1681.000	353.333
1682.000	339.000
1683.000	308.333
1684.000	326.000
1685.000	333.667
1686.000	344.333
1687.000	347.667
1688.000	338.333
1689.000	332.333
1690.000	388.333
1691.000	369.667
1692.000	316.000
1693.000	306.000
1694.000	360.333
1695.000	388.000
1696.000	398.333
1697.000	386.333
1698.000	400.333
1699.000	360.000
1700.000	341.000
1701.000	379.000
1702.000	471.667
1703.000	494.333
1704.000	460.000
1705.000	428.667
1706.000	454.000
1707.000	402.333
1708.000	358.333
1709.000	375.333
1710.000	398.000
1711.000	379.333
1712.000	395.000
1713.000	386.667
1714.000	446.333
1715.000	403.667
1716.000	360.333
1717.000	348.667
1718.000	351.333
1719.000	355.000
1720.000	355.667
1721.000	340.000
1722.000	381.667
1723.000	427.667
1724.000	457.000
1725.000	396.333
1726.000	363.333
1727.000	354.000
1728.000	354.333
1729.000	349.333
1730.000	392.000
1731.000	390.667
1732.000	360.000
1733.000	356.333
1734.000	370.000
1735.000	355.333
1736.000	346.667
1737.000	347.333
1738.000	385.333
1739.000	390.000
1740.000	351.333
1741.000	361.667
1742.000	460.000
1743.000	453.333
1744.000	412.667
1745.000	351.000
1746.000	360.333
1747.000	342.667
1748.000	375.000
1749.000	427.000
1750.000	427.000
1751.000	368.000
1752.000	358.667
1753.000	347.333
1754.000	370.667
1755.000	371.333
1756.000	356.333
1757.000	329.667
1758.000	345.333
1759.000	328.000
1760.000	314.000
1761.000	310.333
1762.000	359.667
1763.000	373.333
1764.000	357.333
1765.000	339.333
1766.000	358.667
1767.000	392.000
1768.000	442.667
1769.000	415.000
1770.000	402.667
1771.000	458.333
1772.000	401.333
1773.000	361.333
1774.000	393.667
1775.000	384.667
1776.000	380.000
1777.000	355.333
1778.000	349.000
1779.000	318.000
1780.000	322.333
1781.000	344.000
1782.000	359.333
1783.000	353.333
1784.000	363.000
1785.000	340.000
1786.000	347.667
1787.000	358.667
1788.000	381.000
1789.000	357.333
1790.000	344.667
1791.000	365.333
1792.000	370.000
1793.000	354.333
1794.000	367.333
1795.000	356.000
1796.000	360.000
1797.000	341.333
1798.000	359.333
1799.000	361.000
1800.000	341.667
1801.000	343.333
1802.000	347.000
1803.000	340.667
1804.000	353.000
1805.000	335.000
1806.000	371.667
1807.000	411.667
1808.000	404.667
1809.000	375.333
1810.000	379.000
1811.000	334.667
1812.000	316.000
1813.000	313.000
1814.000	358.000
1815.000	339.333
1816.000	356.333
1817.000	350.000
1818.000	377.667
1819.000	358.667
1820.000	354.667
1821.000	305.333
1822.000	302.000
1823.000	330.000
1824.000	365.333
1825.000	342.000
1826.000	377.667
1827.000	425.333
1828.000	485.000
1829.000	470.000
1830.000	427.667
1831.000	355.333
1832.000	337.000
1833.000	334.000
1834.000	360.333
1835.000	394.333
1836.000	409.667
1837.000	412.667
1838.000	392.000
1839.000	350.333
1840.000	363.667
1841.000	358.667
1842.000	342.333
1843.000	329.667
1844.000	338.333
1845.000	314.000
1846.000	331.333
1847.000	362.333
1848.000	385.333
1849.000	423.333
1850.000	488.000
1851.000	410.333
1852.000	327.000
1853.000	316.333
1854.000	349.000
1855.000	315.333
1856.000	307.667
1857.000	320.333
1858.000	359.667
1859.000	338.333
1860.000	342.000
1861.000	354.667
1862.000	403.667
1863.000	380.333
1864.000	398.000
1865.000	376.667
1866.000	387.667
1867.000	339.000
1868.000	325.667
1869.000	329.333
1870.000	361.333
1871.000	354.000
1872.000	350.333
1873.000	345.667
1874.000	381.333
1875.000	352.333
1876.000	326.000
1877.000	311.333
1878.000	340.333
1879.000	336.667
1880.000	339.000
1881.000	308.333
1882.000	337.333
1883.000	369.333
1884.000	461.333
1885.000	399.667
1886.000	355.667
1887.000	354.333
1888.000	381.000
1889.000	369.000
1890.000	403.667
1891.000	359.000
1892.000	317.000
1893.000	356.000
1894.000	420.667
1895.000	397.000
1896.000	379.333
1897.000	344.333
1898.000	360.667
1899.000	343.333
1900.000	347.000
1901.000	342.333
1902.000	407.333
1903.000	370.667
1904.000	340.667
1905.000	336.667
1906.000	370.333
1907.000	369.000
1908.000	376.667
1909.000	340.667
1910.000	350.000
1911.000	344.667
1912.000	328.667
1913.000	308.000
1914.000	340.000
1915.000	380.333
1916.000	386.000
1917.000	339.333
1918.000	338.667
1919.000	385.333
1920.000	388.333
1921.000	355.667
1922.000	351.333
1923.000	349.333
1924.000	372.000
1925.000	348.000
1926.000	336.000
1927.000	328.000
1928.000	320.333
1929.000	311.667
1930.000	340.667
1931.000	330.333
1932.000	314.667
1933.000	314.333
1934.000	328.000
1935.000	330.000
1936.000	337.333
1937.000	325.667
1938.000	346.333
1939.000	361.000
1940.000	346.000
1941.000	346.667
1942.000	413.667
1943.000	431.333
1944.000	445.667
1945.000	418.000
1946.000	380.667
1947.000	374.000
1948.000	415.000
1949.000	453.667
1950.000	446.000
1951.000	372.333
1952.000	350.667
1953.000	321.667
1954.000	334.667
1955.000	362.333
1956.000	369.333
1957.000	367.667
1958.000	380.000
1959.000	360.667
1960.000	329.667
1961.000	349.667
1962.000	369.667
1963.000	347.000
1964.000	343.333
1965.000	338.000
1966.000	339.667
1967.000	315.667
1968.000	325.333
1969.000	331.667
1970.000	343.333
1971.000	315.667
1972.000	333.333
1973.000	347.667
1974.000	365.667
1975.000	371.000
1976.000	375.667
1977.000	339.333
1978.000	362.333
1979.000	357.000
1980.000	355.000
1981.000	336.667
1982.000	332.667
1983.000	323.667
1984.000	352.000
1985.000	332.667
1986.000	326.667
1987.000	323.333
1988.000	348.667
1989.000	343.667
1990.000	354.333
1991.000	366.667
1992.000	414.000
1993.000	394.667
1994.000	383.667
1995.000	363.333
1996.000	336.000
1997.000	348.667
1998.000	399.000
1999.000	357.667
2000.000	321.333
2001.000	308.000
2002.000	345.667
2003.000	453.000
2004.000	566.000
2005.000	445.000
2006.000	368.667
2007.000	347.333
2008.000	369.333
2009.000	384.000
2010.000	452.667
2011.000	457.333
2012.000	400.667
2013.000	431.667
2014.000	513.333
2015.000	407.667
2016.000	315.667
2017.000	313.333
2018.000	339.000
2019.000	340.333
2020.000	344.333
2021.000	320.333
2022.000	346.000
2023.000	344.333
2024.000	343.333
2025.000	316.333
2026.000	335.000
2027.000	378.000
2028.000	397.000
2029.000	347.667
2030.000	359.667
2031.000	358.667
2032.000	345.000
2033.000	354.333
2034.000	370.333
2035.000	392.333
2036.000	417.667
2037.000	413.000
2038.000	382.333
2039.000	352.333
2040.000	360.667
2041.000	339.667
2042.000	340.000
2043.000	380.667
2044.000	406.000
2045.000	396.333
2046.000	402.333
2047.000	363.667
2048.000	362.667
2049.000	325.667
2050.000	341.667
2051.000	349.000
2052.000	353.000
2053.000	339.667
2054.000	342.667
2055.000	351.000
2056.000	391.000
2057.000	425.333
2058.000	475.667
2059.000	405.333
2060.000	361.333
2061.000	318.000
2062.000	320.333
2063.000	343.667
2064.000	341.333
2065.000	312.667
2066.000	354.000
2067.000	371.333
2068.000	412.333
2069.000	353.333
2070.000	332.000
2071.000	328.333
2072.000	342.000
2073.000	342.000
2074.000	343.333
2075.000	339.667
2076.000	352.333
2077.000	340.000
2078.000	347.333
2079.000	332.333
2080.000	340.333
2081.000	334.667
2082.000	365.333
2083.000	367.667
2084.000	354.667
2085.000	328.000
2086.000	336.000
2087.000	349.333
2088.000	350.333
2089.000	318.667
2090.000	314.000
2091.000	334.000
2092.000	364.333
2093.000	368.667
2094.000	361.333
2095.000	356.667
2096.000	343.333
2097.000	336.667
2098.000	347.667
2099.000	338.667
2100.000	351.000
2101.000	344.667
2102.000	381.667
2103.000	349.333
2104.000	327.333
2105.000	329.667
2106.000	375.333
2107.000	362.333
2108.000	331.333
2109.000	343.667
2110.000	384.333
2111.000	391.333
2112.000	358.667
2113.000	364.667
2114.000	423.000
2115.000	401.333
2116.000	371.333
2117.000	333.667
2118.000	326.333
2119.000	343.333
2120.000	344.667
2121.000	319.000
2122.000	338.000
2123.000	346.667
2124.000	383.000
2125.000	396.667
2126.000	413.000
2127.000	357.333
2128.000	345.667
2129.000	334.667
2130.000	341.333
2131.000	351.667
2132.000	381.333
2133.000	343.667
2134.000	342.333
2135.000	397.667
2136.000	464.667
2137.000	409.000
2138.000	385.000
2139.000	335.000
2140.000	335.333
2141.000	353.333
2142.000	411.667
2143.000	385.667
2144.000	352.667
2145.000	321.667
2146.000	347.333
2147.000	343.333
2148.000	396.667
2149.000	408.667
2150.000	413.333
2151.000	375.000
2152.000	374.000
2153.000	364.000
2154.000	383.667
2155.000	398.333
2156.000	420.667
2157.000	394.667
2158.000	450.000
2159.000	523.000
2160.000	505.333
2161.000	412.000
2162.000	458.000
2163.000	487.667
2164.000	409.667
2165.000	347.000
2166.000	353.000
2167.000	317.333
2168.000	305.000
2169.000	310.000
2170.000	334.000
2171.000	307.333
2172.000	324.333
2173.000	310.667
2174.000	367.667
2175.000	372.667
2176.000	382.667
2177.000	362.333
2178.000	393.000
2179.000	381.333
2180.000	346.333
2181.000	339.667
2182.000	382.000
2183.000	366.333
2184.000	334.667
2185.000	330.000
2186.000	337.667
2187.000	358.333
2188.000	366.333
2189.000	353.667
2190.000	382.667
2191.000	379.667
2192.000	376.667
2193.000	353.000
2194.000	365.667
2195.000	357.333
2196.000	326.333
2197.000	307.667
2198.000	333.000
2199.000	349.333
2200.000	363.000
2201.000	337.000
2202.000	332.667
2203.000	336.333
2204.000	323.667
2205.000	314.667
2206.000	339.000
2207.000	319.667
2208.000	337.333
2209.000	334.000
2210.000	348.333
2211.000	326.000
2212.000	319.000
2213.000	324.667
2214.000	409.667
2215.000	418.333
2216.000	394.333
2217.000	349.667
2218.000	361.333
2219.000	346.667
2220.000	343.000
2221.000	374.667
2222.000	408.000
2223.000	363.667
2224.000	335.333
2225.000	351.000
2226.000	443.667
2227.000	396.000
2228.000	368.333
2229.000	346.333
2230.000	352.333
2231.000	359.000
2232.000	380.667
2233.000	343.667
2234.000	358.333
2235.000	359.667
2236.000	384.667
2237.000	353.333
2238.000	333.333
2239.000	330.667
2240.000	371.667
2241.000	376.000
2242.000	395.333
2243.000	378.000
2244.000	363.667
2245.000	341.333
2246.000	350.000
2247.000	350.333
2248.000	367.000
2249.000	321.333
2250.000	338.333
2251.000	337.333
2252.000	350.333
2253.000	339.667
2254.000	341.667
2255.000	343.000
2256.000	337.667
2257.000	303.667
2258.000	342.000
2259.000	345.000
2260.000	383.667
2261.000	489.333
2262.000	641.000
2263.000	512.333
2264.000	375.667
2265.000	353.667
2266.000	431.667
2267.000	446.000
2268.000	409.333
2269.000	349.000
2270.000	362.333
2271.000	330.333
2272.000	335.333
2273.000	360.667
2274.000	385.333
2275.000	336.667
2276.000	362.000
2277.000	505.667
2278.000	666.000
2279.000	549.333
2280.000	445.000
2281.000	401.000
2282.000	403.000
2283.000	346.667
2284.000	330.667
2285.000	361.333
2286.000	442.333
2287.000	393.667
2288.000	351.333
2289.000	340.667
2290.000	379.333
2291.000	354.000
2292.000	339.000
2293.000	304.000
2294.000	320.333
2295.000	336.333
2296.000	327.333
2297.000	333.667
2298.000	378.000
2299.000	419.333
2300.000	439.333
2301.000	345.000
2302.000	320.000
2303.000	323.000
2304.000	334.000
2305.000	331.333
2306.000	350.333
2307.000	347.000
2308.000	367.000
2309.000	362.000
2310.000	358.667
2311.000	336.333
2312.000	309.333
2313.000	302.000
2314.000	324.333
2315.000	319.333
2316.000	339.333
2317.000	326.333
2318.000	362.000
2319.000	363.667
2320.000	387.333
2321.000	377.333
2322.000	378.667
2323.000	390.000
2324.000	405.000
2325.000	379.667
2326.000	390.000
2327.000	372.333
2328.000	335.667
2329.000	326.000
2330.000	380.000
2331.000	362.333
2332.000	377.333
2333.000	362.000
2334.000	381.667
2335.000	389.000
2336.000	381.667
2337.000	372.333
2338.000	391.000
2339.000	362.667
2340.000	365.667
2341.000	369.333
2342.000	392.667
2343.000	358.667
2344.000	333.667
2345.000	332.000
2346.000	354.333
2347.000	360.667
2348.000	370.667
2349.000	373.333
2350.000	359.667
2351.000	355.667
2352.000	445.000
2353.000	464.333
2354.000	427.333
2355.000	458.000
2356.000	542.333
2357.000	433.667
2358.000	398.000
2359.000	388.333
2360.000	387.000
2361.000	391.000
2362.000	363.000
2363.000	321.000
2364.000	337.000
2365.000	345.000
2366.000	373.000
2367.000	342.667
2368.000	335.000
2369.000	316.333
2370.000	355.667
2371.000	327.000
2372.000	303.667
2373.000	320.000
2374.000	362.667
2375.000	366.000
2376.000	365.667
2377.000	406.667
2378.000	516.333
2379.000	507.333
2380.000	450.000
2381.000	406.333
2382.000	428.333
2383.000	432.333
2384.000	423.333
2385.000	375.667
2386.000	420.000
2387.000	414.333
2388.000	362.333
2389.000	325.000
2390.000	347.667
2391.000	357.667
2392.000	401.667
2393.000	346.667
2394.000	363.333
2395.000	359.333
2396.000	373.333
2397.000	346.000
2398.000	348.000
2399.000	331.667
2400.000	346.000
2401.000	320.667
2402.000	347.667
2403.000	347.000
2404.000	386.000
2405.000	380.000
2406.000	376.333
2407.000	370.333
2408.000	382.333
2409.000	360.000
2410.000	376.000
2411.000	352.000
2412.000	317.333
2413.000	296.333
2414.000	343.667
2415.000	343.333
2416.000	334.000
2417.000	338.667
2418.000	347.333
2419.000	335.333
2420.000	316.667
2421.000	330.333
2422.000	342.333
2423.000	311.333
2424.000	316.333
2425.000	324.667
2426.000	366.333
2427.000	355.333
2428.000	324.333
2429.000	304.333
2430.000	318.667
2431.000	316.000
2432.000	321.667
2433.000	326.667
2434.000	353.000
2435.000	323.667
2436.000	325.333
2437.000	348.000
2438.000	392.667
2439.000	451.333
2440.000	576.000
2441.000	595.333
2442.000	485.333
2443.000	383.000
2444.000	351.667
2445.000	325.667
2446.000	333.667
2447.000	343.667
2448.000	352.333
2449.000	319.667
2450.000	343.333
2451.000	385.333
2452.000	473.333
2453.000	392.667
2454.000	358.000
2455.000	359.333
2456.000	397.333
2457.000	368.000
2458.000	350.000
2459.000	343.000
2460.000	344.000
2461.000	327.333
2462.000	338.333
2463.000	332.667
2464.000	309.667
2465.000	320.333
2466.000	393.333
2467.000	460.667
2468.000	542.000
2469.000	447.000
2470.000	413.667
2471.000	368.333
2472.000	351.333
2473.000	346.000
2474.000	375.667
2475.000	400.000
2476.000	450.333
2477.000	391.333
2478.000	342.000
2479.000	353.667
2480.000	377.000
2481.000	348.667
2482.000	348.000
2483.000	359.667
2484.000	339.667
2485.000	348.000
2486.000	364.667
2487.000	359.000
2488.000	410.000
2489.000	443.000
2490.000	448.333
2491.000	392.333
2492.000	351.000
2493.000	322.667
2494.000	348.000
2495.000	372.333
2496.000	429.000
2497.000	445.667
2498.000	431.667
2499.000	396.000
2500.000	347.333
2501.000	320.667
2502.000	348.333
2503.000	433.333
2504.000	548.667
2505.000	522.333
2506.000	545.667
2507.000	452.000
2508.000	389.333
2509.000	384.333
2510.000	444.000
2511.000	359.000
2512.000	328.000
2513.000	352.333
2514.000	428.000
2515.000	372.333
2516.000	318.333
2517.000	333.333
2518.000	350.000
2519.000	337.000
2520.000	321.667
2521.000	308.667
2522.000	382.333
2523.000	382.333
2524.000	357.667
2525.000	322.333
2526.000	341.333
2527.000	375.333
2528.000	372.000
2529.000	328.000
2530.000	345.333
2531.000	354.667
2532.000	334.667
2533.000	329.000
2534.000	340.333
2535.000	326.000
2536.000	330.667
2537.000	311.667
2538.000	329.667
2539.000	320.667
2540.000	341.667
2541.000	353.667
2542.000	406.667
2543.000	389.333
2544.000	344.000
2545.000	319.000
2546.000	340.000
2547.000	330.333
2548.000	334.333
2549.000	336.000
2550.000	374.333
2551.000	390.333
2552.000	402.000
2553.000	366.000
2554.000	352.667
2555.000	336.000
2556.000	317.333
2557.000	293.333
2558.000	339.667
2559.000	356.000
2560.000	409.333
2561.000	442.333
2562.000	434.000
2563.000	418.000
2564.000	402.000
2565.000	385.667
2566.000	444.000
2567.000	467.333
2568.000	416.333
2569.000	334.000
2570.000	343.667
2571.000	326.333
2572.000	403.333
2573.000	484.667
2574.000	485.667
2575.000	419.000
2576.000	363.667
2577.000	357.333
2578.000	407.667
2579.000	397.333
2580.000	361.667
2581.000	350.667
2582.000	383.667
2583.000	360.667
2584.000	347.000
2585.000	334.667
2586.000	381.667
2587.000	363.333
2588.000	407.000
2589.000	352.333
2590.000	344.667
2591.000	338.667
2592.000	365.333
2593.000	341.000
2594.000	311.667
2595.000	311.000
2596.000	347.333
2597.000	362.333
2598.000	385.667
2599.000	352.667
2600.000	350.000
2601.000	324.667
2602.000	325.333
2603.000	327.667
2604.000	333.000
2605.000	307.667
2606.000	308.667
2607.000	312.000
2608.000	344.333
2609.000	341.667
2610.000	374.333
2611.000	366.667
2612.000	324.333
2613.000	325.333
2614.000	366.667
2615.000	401.667
2616.000	381.333
2617.000	357.333
2618.000	397.000
2619.000	376.333
2620.000	368.667
2621.000	328.667
2622.000	311.667
2623.000	353.000
2624.000	371.333
2625.000	376.333
2626.000	393.000
2627.000	381.667
2628.000	409.333
2629.000	381.333
2630.000	365.333
2631.000	343.000
2632.000	328.667
2633.000	315.333
2634.000	355.000
2635.000	370.667
2636.000	410.333
2637.000	379.333
2638.000	344.333
2639.000	314.667
2640.000	306.667
2641.000	314.333
2642.000	398.667
2643.000	434.667
2644.000	401.333
2645.000	346.333
2646.000	344.000
2647.000	323.667
2648.000	320.333
2649.000	348.000
2650.000	416.333
2651.000	422.000
2652.000	385.667
2653.000	367.667
2654.000	410.000
2655.000	402.667
2656.000	356.333
2657.000	329.333
2658.000	325.333
2659.000	329.000
2660.000	351.667
2661.000	377.333
2662.000	398.000
2663.000	351.000
2664.000	323.000
2665.000	294.667
2666.000	301.667
2667.000	333.333
2668.000	356.000
2669.000	322.333
2670.000	317.333
2671.000	300.000
2672.000	324.333
2673.000	329.667
2674.000	378.333
2675.000	367.333
2676.000	353.333
2677.000	332.333
2678.000	350.667
2679.000	351.333
2680.000	346.000
2681.000	341.667
2682.000	376.000
2683.000	365.667
2684.000	374.667
2685.000	373.333
2686.000	412.333
2687.000	393.333
2688.000	371.000
2689.000	344.667
2690.000	340.333
2691.000	360.667
2692.000	406.667
2693.000	410.000
2694.000	451.667
2695.000	375.667
2696.000	338.333
2697.000	326.000
2698.000	352.333
2699.000	376.333
2700.000	373.333
2701.000	337.333
2702.000	302.333
2703.000	304.333
2704.000	318.667
2705.000	331.333
2706.000	357.667
2707.000	342.000
2708.000	330.333
2709.000	309.000
2710.000	321.333
2711.000	313.000
2712.000	334.333
2713.000	337.333
2714.000	354.667
2715.000	344.667
2716.000	356.333
2717.000	355.667
2718.000	364.667
2719.000	358.667
2720.000	341.667
2721.000	311.333
2722.000	356.667
2723.000	454.000
2724.000	528.000
2725.000	524.000
2726.000	432.333
2727.000	381.667
2728.000	391.000
2729.000	400.667
2730.000	439.667
2731.000	399.667
2732.000	369.333
2733.000	343.667
2734.000	377.667
2735.000	388.000
2736.000	390.667
2737.000	455.000
2738.000	535.667
2739.000	447.000
2740.000	338.333
2741.000	322.000
2742.000	324.333
2743.000	303.667
2744.000	308.667
2745.000	343.333
2746.000	390.667
2747.000	378.333
2748.000	354.333
2749.000	343.000
2750.000	434.333
2751.000	572.333
2752.000	544.000
2753.000	416.667
2754.000	335.333
2755.000	347.667
2756.000	361.667
2757.000	365.000
2758.000	397.333
2759.000	368.000
2760.000	334.333
2761.000	316.333
2762.000	342.333
2763.000	313.000
2764.000	314.000
2765.000	310.000
2766.000	325.333
2767.000	329.000
2768.000	362.333
2769.000	353.000
2770.000	337.000
2771.000	333.000
2772.000	367.333
2773.000	348.333
2774.000	356.667
2775.000	345.667
2776.000	336.000
2777.000	342.000
2778.000	382.667
2779.000	375.667
2780.000	340.000
2781.000	334.667
2782.000	384.667
2783.000	478.667
2784.000	578.333
2785.000	462.333
2786.000	377.000
2787.000	355.333
2788.000	380.000
2789.000	332.667
2790.000	356.667
2791.000	369.333
2792.000	377.667
2793.000	375.667
2794.000	390.333
2795.000	378.000
2796.000	386.667
2797.000	366.333
2798.000	366.000
2799.000	349.333
2800.000	372.667
2801.000	369.000
2802.000	392.000
2803.000	368.333
2804.000	353.667
2805.000	352.667
2806.000	383.667
2807.000	363.000
2808.000	347.667
2809.000	329.667
2810.000	331.000
2811.000	341.000
2812.000	330.000
2813.000	320.000
2814.000	324.333
2815.000	330.667
2816.000	351.667
2817.000	362.000
2818.000	421.667
2819.000	394.000
2820.000	393.000
2821.000	426.667
2822.000	470.667
2823.000	428.333
2824.000	341.333
2825.000	312.000
2826.000	336.667
2827.000	348.333
2828.000	366.333
2829.000	355.000
2830.000	382.000
2831.000	384.000
2832.000	432.333
2833.000	467.000
2834.000	464.333
2835.000	414.667
2836.000	395.667
2837.000	364.667
2838.000	347.000
2839.000	338.667
2840.000	325.667
2841.000	317.000
2842.000	341.667
2843.000	319.667
2844.000	293.333
2845.000	284.000
2846.000	322.333
2847.000	322.333
2848.000	347.000
2849.000	364.667
2850.000	377.333
2851.000	378.667
2852.000	392.000
2853.000	385.667
2854.000	394.667
2855.000	419.333
2856.000	467.000
2857.000	444.333
2858.000	438.667
2859.000	453.333
2860.000	470.333
2861.000	402.667
2862.000	391.333
2863.000	346.333
2864.000	333.333
2865.000	338.333
2866.000	371.667
2867.000	335.333
2868.000	318.333
2869.000	335.000
2870.000	361.667
2871.000	342.000
2872.000	312.667
2873.000	339.667
2874.000	402.000
2875.000	382.000
2876.000	357.667
2877.000	329.667
2878.000	336.333
2879.000	369.667
2880.000	414.000
2881.000	407.333
2882.000	404.000
2883.000	362.667
2884.000	359.333
2885.000	347.333
2886.000	350.667
2887.000	323.333
2888.000	327.667
2889.000	326.667
2890.000	368.667
2891.000	361.000
2892.000	331.333
2893.000	308.000
2894.000	318.333
2895.000	324.667
2896.000	335.667
2897.000	322.000
2898.000	352.000
2899.000	365.000
2900.000	416.667
2901.000	394.000
2902.000	373.000
2903.000	347.000
2904.000	327.000
2905.000	324.667
2906.000	356.667
2907.000	361.333
2908.000	413.000
2909.000	375.000
2910.000	340.000
2911.000	321.333
2912.000	323.667
2913.000	325.333
2914.000	325.000
2915.000	331.667
2916.000	344.667
2917.000	341.667
2918.000	428.333
2919.000	496.000
2920.000	508.333
2921.000	463.667
2922.000	431.333
2923.000	386.000
2924.000	384.333
2925.000	352.000
2926.000	353.000
2927.000	359.000
2928.000	357.333
2929.000	333.333
2930.000	372.000
2931.000	341.667
2932.000	309.000
2933.000	306.667
2934.000	335.667
2935.000	332.667
2936.000	358.667
2937.000	345.333
2938.000	354.333
2939.000	385.667
2940.000	451.000
2941.000	445.667
2942.000	420.000
2943.000	353.000
2944.000	330.667
2945.000	329.667
2946.000	346.000
2947.000	326.333
2948.000	326.333
2949.000	330.333
2950.000	352.000
2951.000	340.667
2952.000	349.000
2953.000	321.667
2954.000	355.333
2955.000	355.667
2956.000	363.667
2957.000	371.333
2958.000	410.000
2959.000	366.333
2960.000	351.667
2961.000	343.000
2962.000	378.333
2963.000	383.000
2964.000	406.667
2965.000	363.667
2966.000	360.667
2967.000	366.667
2968.000	387.000
2969.000	367.333
2970.000	396.000
2971.000	398.667
2972.000	367.333
2973.000	341.333
2974.000	374.667
2975.000	372.333
2976.000	379.000
2977.000	370.000
2978.000	401.000
2979.000	364.333
2980.000	352.333
2981.000	336.000
2982.000	394.000
2983.000	427.667
2984.000	422.000
2985.000	349.000
2986.000	358.667
2987.000	362.667
2988.000	374.333
2989.000	362.333
2990.000	359.667
2991.000	338.333
2992.000	347.000
2993.000	334.000
2994.000	370.333
2995.000	377.667
2996.000	352.667
2997.000	335.000
2998.000	374.667
2999.000	339.333
3000.000	353.333
3001.000	337.333
3002.000	379.667
3003.000	425.667
3004.000	487.000
3005.000	435.000
3006.000	409.000
3007.000	379.000
3008.000	368.000
3009.000	352.000
3010.000	377.000
3011.000	343.667
3012.000	347.000
3013.000	344.333
3014.000	421.000
3015.000	365.667
3016.000	355.333
3017.000	344.333
3018.000	392.000
3019.000	388.333
3020.000	381.667
3021.000	392.333
3022.000	413.000
3023.000	406.333
3024.000	413.333
3025.000	372.000
3026.000	375.333
3027.000	380.000
3028.000	413.000
3029.000	406.667
3030.000	418.667
3031.000	423.333
3032.000	436.333
3033.000	460.667
3034.000	533.667
3035.000	464.000
3036.000	431.667
3037.000	428.333
3038.000	454.667
3039.000	441.000
3040.000	442.667
3041.000	431.667
3042.000	464.000
3043.000	450.000
3044.000	442.333
3045.000	402.667
3046.000	378.667
3047.000	411.333
3048.000	473.667
3049.000	455.667
3050.000	479.000
3051.000	450.667
3052.000	457.333
3053.000	485.333
3054.000	581.000
3055.000	524.000
3056.000	476.667
3057.000	453.667
3058.000	496.333
3059.000	522.333
3060.000	569.333
3061.000	564.333
3062.000	616.667
3063.000	651.667
3064.000	731.333
3065.000	693.333
3066.000	742.000
3067.000	804.333
3068.000	874.333
3069.000	856.333
3070.000	958.000
3071.000	1067.667
3072.000	1252.667
3073.000	1166.667
3074.000	1161.667
3075.000	1237.000
3076.000	1377.333
3077.000	1568.333
3078.000	1852.667
3079.000	1958.000
3080.000	2098.667
3081.000	2424.333
3082.000	2901.333
3083.000	3274.000
3084.000	3681.333
3085.000	4018.667
3086.000	4471.000
3087.000	5024.667
3088.000	5660.000
3089.000	6449.333
3090.000	7465.667
3091.000	8518.333
3092.000	9706.333
3093.000	11093.000
3094.000	12482.000
3095.000	13671.333
3096.000	14793.000
3097.000	15549.333
3098.000	16476.333
3099.000	17262.333
3100.000	18120.000
3101.000	18997.333
3102.000	19887.000
3103.000	20675.333
3104.000	21496.667
3105.000	22235.000
3106.000	22996.333
3107.000	23527.667
3108.000	23867.333
3109.000	23872.333
3110.000	23963.667
3111.000	24058.333
3112.000	24172.667
3113.000	24218.333
3114.000	24309.000
3115.000	24376.333
3116.000	24514.000
3117.000	24583.000
3118.000	24587.333
3119.000	24281.000
3120.000	23948.667
3121.000	23439.667
3122.000	22935.667
3123.000	22268.667
3124.000	21622.000
3125.000	20876.667
3126.000	20135.000
3127.000	19203.667
3128.000	18368.000
3129.000	17557.667
3130.000	16672.333
3131.000	15527.667
3132.000	14485.000
3133.000	13261.667
3134.000	12103.000
3135.000	10747.000
3136.000	9440.000
3137.000	8167.667
3138.000	6983.667
3139.000	5811.000
3140.000	4854.000
3141.000	3929.667
3142.000	3061.000
3143.000	2431.667
3144.000	1945.333
3145.000	1523.667
3146.000	1253.333
3147.000	1022.333
3148.000	849.000
3149.000	705.333
3150.000	638.333
3151.000	530.667
3152.000	477.333
3153.000	628.000
3154.000	819.333
3155.000	738.667
3156.000	665.333
3157.000	541.667
3158.000	483.667
3159.000	431.000
3160.000	414.000
3161.000	383.333
3162.000	439.667
3163.000	430.000
3164.000	415.000
3165.000	400.667
3166.000	419.000
3167.000	403.333
3168.000	361.667
3169.000	383.667
3170.000	442.000
3171.000	423.333
3172.000	397.667
3173.000	365.333
3174.000	360.667
3175.000	365.333
3176.000	361.667
3177.000	338.000
3178.000	365.333
3179.000	346.667
3180.000	350.000
3181.000	352.333
3182.000	375.333
3183.000	368.333
3184.000	372.000
3185.000	421.000
3186.000	501.667
3187.000	455.667
3188.000	409.000
3189.000	375.667
3190.000	399.333
3191.000	511.667
3192.000	638.667
3193.000	487.000
3194.000	374.000
3195.000	345.000
3196.000	388.667
3197.000	462.000
3198.000	541.000
3199.000	453.667
3200.000	409.333
3201.000	371.000
3202.000	363.000
3203.000	358.667
3204.000	372.333
3205.000	351.333
3206.000	357.000
3207.000	356.333
3208.000	312.000
3209.000	327.333
3210.000	369.000
3211.000	369.333
3212.000	400.333
3213.000	408.000
3214.000	430.667
3215.000	405.667
3216.000	391.333
3217.000	366.333
3218.000	381.000
3219.000	364.000
3220.000	357.000
3221.000	331.000
3222.000	354.333
3223.000	370.000
3224.000	378.000
3225.000	371.000
3226.000	438.333
3227.000	393.333
3228.000	354.000
3229.000	347.000
3230.000	388.333
3231.000	395.000
3232.000	417.667
3233.000	385.000
3234.000	389.333
3235.000	351.333
3236.000	328.667
3237.000	337.667
3238.000	366.333
3239.000	343.333
3240.000	374.000
3241.000	479.333
3242.000	652.333
3243.000	569.333
3244.000	451.667
3245.000	375.667
3246.000	356.000
3247.000	344.333
3248.000	360.000
3249.000	353.000
3250.000	391.667
3251.000	399.333
3252.000	395.333
3253.000	383.667
3254.000	390.667
3255.000	348.333
3256.000	378.333
3257.000	375.667
3258.000	434.000
3259.000	444.333
3260.000	379.333
3261.000	339.333
3262.000	373.333
3263.000	337.667
3264.000	323.333
3265.000	317.333
3266.000	385.667
3267.000	413.667
3268.000	401.333
3269.000	383.333
3270.000	401.667
3271.000	368.667
3272.000	340.000
3273.000	312.000
3274.000	321.000
3275.000	317.333
3276.000	316.000
3277.000	321.333
3278.000	339.333
