1160.000	430.333
1161.000	402.333
1162.000	401.667
1163.000	400.000
1164.000	429.333
1165.000	416.000
1166.000	426.667
1167.000	414.000
1168.000	410.667
1169.000	399.667
1170.000	426.000
1171.000	416.000
1172.000	397.000
1173.000	370.333
1174.000	370.667
1175.000	382.667
1176.000	413.333
1177.000	394.667
1178.000	413.333
1179.000	411.000
1180.000	465.000
1181.000	438.667
1182.000	431.000
1183.000	417.333
1184.000	437.667
1185.000	389.000
1186.000	410.000
1187.000	428.000
1188.000	424.000
1189.000	502.667
1190.000	633.333
1191.000	644.333
1192.000	659.000
1193.000	537.333
1194.000	481.000
1195.000	427.000
1196.000	425.000
1197.000	440.333
1198.000	471.333
1199.000	472.667
1200.000	488.667
1201.000	473.000
1202.000	463.000
1203.000	477.000
1204.000	498.000
1205.000	523.667
1206.000	603.333
1207.000	571.000
1208.000	534.333
1209.000	466.667
1210.000	503.333
1211.000	462.000
1212.000	443.000
1213.000	417.333
1214.000	476.000
1215.000	481.000
1216.000	456.667
1217.000	400.667
1218.000	408.667
1219.000	423.000
1220.000	436.333
1221.000	395.333
1222.000	414.667
1223.000	386.333
1224.000	429.000
1225.000	422.000
1226.000	435.667
1227.000	401.000
1228.000	378.333
1229.000	396.333
1230.000	462.000
1231.000	453.667
1232.000	446.667
1233.000	411.000
1234.000	417.667
1235.000	400.000
1236.000	404.000
1237.000	402.000
1238.000	447.333
1239.000	438.333
1240.000	401.333
1241.000	413.667
1242.000	459.333
1243.000	436.667
1244.000	440.333
1245.000	386.667
1246.000	389.333
1247.000	373.000
1248.000	408.667
1249.000	524.333
1250.000	694.667
1251.000	549.667
1252.000	408.667
1253.000	404.667
1254.000	432.333
1255.000	462.000
1256.000	505.667
1257.000	429.333
1258.000	432.333
1259.000	558.333
1260.000	619.000
1261.000	480.000
1262.000	417.667
1263.000	388.667
1264.000	405.333
1265.000	443.333
1266.000	471.333
1267.000	420.667
1268.000	397.667
1269.000	395.667
1270.000	452.333
1271.000	480.333
1272.000	483.000
1273.000	430.333
1274.000	446.667
1275.000	425.667
1276.000	410.333
1277.000	433.000
1278.000	462.000
1279.000	476.667
1280.000	520.333
1281.000	503.667
1282.000	536.333
1283.000	524.000
1284.000	457.333
1285.000	410.000
1286.000	436.000
1287.000	399.333
1288.000	428.667
1289.000	392.667
1290.000	435.000
1291.000	431.333
1292.000	433.000
1293.000	457.000
1294.000	556.667
1295.000	571.667
1296.000	494.333
1297.000	395.667
1298.000	412.667
1299.000	399.667
1300.000	390.667
1301.000	412.667
1302.000	483.000
1303.000	490.333
1304.000	432.000
1305.000	385.667
1306.000	428.000
1307.000	426.333
1308.000	408.667
1309.000	423.333
1310.000	448.667
1311.000	466.667
1312.000	482.000
1313.000	428.667
1314.000	430.000
1315.000	398.667
1316.000	434.000
1317.000	416.667
1318.000	442.667
1319.000	448.333
1320.000	433.000
1321.000	452.000
1322.000	488.667
1323.000	472.333
1324.000	441.333
1325.000	414.667
1326.000	454.667
1327.000	448.667
1328.000	471.000
1329.000	413.000
1330.000	402.667
1331.000	418.333
1332.000	496.333
1333.000	543.000
1334.000	529.333
1335.000	458.667
1336.000	422.000
1337.000	441.333
1338.000	495.667
1339.000	550.000
1340.000	638.333
1341.000	653.333
1342.000	601.333
1343.000	493.667
1344.000	487.333
1345.000	542.333
1346.000	515.000
1347.000	456.000
1348.000	418.333
1349.000	408.333
1350.000	408.000
1351.000	416.000
1352.000	415.333
1353.000	488.333
1354.000	617.000
1355.000	529.667
1356.000	493.000
1357.000	582.667
1358.000	667.667
1359.000	573.333
1360.000	483.000
1361.000	427.667
1362.000	460.667
1363.000	440.333
1364.000	489.000
1365.000	553.000
1366.000	617.667
1367.000	511.667
1368.000	416.667
1369.000	451.667
1370.000	544.000
1371.000	501.000
1372.000	465.333
1373.000	434.333
1374.000	433.333
1375.000	418.000
1376.000	419.000
1377.000	414.333
1378.000	447.667
1379.000	480.000
1380.000	530.000
1381.000	492.667
1382.000	438.667
1383.000	414.333
1384.000	473.333
1385.000	479.667
1386.000	538.333
1387.000	486.667
1388.000	451.000
1389.000	489.667
1390.000	548.333
1391.000	529.333
1392.000	495.000
1393.000	418.333
1394.000	448.333
1395.000	419.333
1396.000	442.333
1397.000	435.333
1398.000	446.333
1399.000	432.667
1400.000	488.333
1401.000	458.000
1402.000	473.000
1403.000	471.000
1404.000	468.333
1405.000	433.333
1406.000	459.667
1407.000	452.000
1408.000	484.333
1409.000	449.000
1410.000	430.333
1411.000	410.333
1412.000	395.667
1413.000	387.333
1414.000	398.333
1415.000	390.333
1416.000	422.000
1417.000	397.333
1418.000	411.667
1419.000	455.667
1420.000	482.333
1421.000	456.333
1422.000	468.000
1423.000	435.000
1424.000	426.667
1425.000	441.000
1426.000	512.333
1427.000	467.333
1428.000	472.333
1429.000	524.000
1430.000	539.333
1431.000	475.000
1432.000	443.667
1433.000	453.333
1434.000	508.333
1435.000	457.333
1436.000	430.667
1437.000	412.333
1438.000	419.000
1439.000	432.000
1440.000	469.000
1441.000	434.333
1442.000	425.667
1443.000	423.000
1444.000	415.667
1445.000	434.000
1446.000	482.000
1447.000	494.667
1448.000	492.333
1449.000	481.667
1450.000	558.000
1451.000	556.333
1452.000	516.000
1453.000	541.667
1454.000	646.000
1455.000	619.000
1456.000	631.333
1457.000	558.000
1458.000	523.000
1459.000	487.000
1460.000	464.333
1461.000	475.333
1462.000	548.000
1463.000	542.333
1464.000	531.000
1465.000	489.333
1466.000	534.667
1467.000	526.667
1468.000	523.333
1469.000	566.667
1470.000	648.000
1471.000	610.667
1472.000	540.667
1473.000	508.000
1474.000	580.333
1475.000	550.000
1476.000	537.000
1477.000	558.000
1478.000	614.667
1479.000	599.667
1480.000	677.333
1481.000	653.333
1482.000	662.333
1483.000	632.333
1484.000	624.000
1485.000	661.000
1486.000	770.333
1487.000	769.667
1488.000	734.000
1489.000	707.667
1490.000	733.667
1491.000	753.000
1492.000	845.000
1493.000	896.667
1494.000	1064.000
1495.000	954.667
1496.000	948.333
1497.000	960.000
1498.000	1068.667
1499.000	1067.667
1500.000	1120.667
1501.000	1038.000
1502.000	1036.667
1503.000	1056.667
1504.000	1161.667
1505.000	1165.333
1506.000	1267.333
1507.000	1305.000
1508.000	1384.667
1509.000	1500.000
1510.000	1697.333
1511.000	1693.667
1512.000	1778.000
1513.000	1825.667
1514.000	1848.333
1515.000	2071.000
1516.000	2317.000
1517.000	2455.333
1518.000	2689.000
1519.000	2874.000
1520.000	3164.000
1521.000	3400.667
1522.000	3737.000
1523.000	3958.000
1524.000	4262.000
1525.000	4650.667
1526.000	5093.667
1527.000	5217.667
1528.000	5404.000
1529.000	5659.667
1530.000	6110.333
1531.000	6766.000
1532.000	7561.000
1533.000	8468.000
1534.000	9428.333
1535.000	10187.667
1536.000	10931.000
1537.000	11375.000
1538.000	12006.667
1539.000	13157.667
1540.000	14395.333
1541.000	15878.000
1542.000	17465.667
1543.000	19050.333
1544.000	20739.000
1545.000	22190.333
1546.000	23607.000
1547.000	24832.667
1548.000	26207.667
1549.000	27846.667
1550.000	29830.000
1551.000	31826.333
1552.000	33935.000
1553.000	35493.000
1554.000	37331.333
1555.000	39235.000
1556.000	40956.000
1557.000	42535.667
1558.000	43835.333
1559.000	44512.667
1560.000	44847.333
1561.000	45061.333
1562.000	45239.333
1563.000	45282.000
1564.000	45264.333
1565.000	45114.000
1566.000	44879.667
1567.000	44163.000
1568.000	42913.667
1569.000	40964.333
1570.000	38685.000
1571.000	35953.333
1572.000	33370.667
1573.000	29720.667
1574.000	26095.667
1575.000	22383.000
1576.000	18830.333
1577.000	15496.000
1578.000	12524.667
1579.000	10148.333
1580.000	8019.333
1581.000	6432.333
1582.000	5151.333
1583.000	4096.000
1584.000	3239.000
1585.000	2795.333
1586.000	2557.667
1587.000	2263.667
1588.000	1916.333
1589.000	1824.667
1590.000	1891.000
1591.000	1709.000
1592.000	1484.333
1593.000	1250.333
1594.000	1112.333
1595.000	1055.333
1596.000	1113.667
1597.000	1133.000
1598.000	1280.667
1599.000	1137.667
1600.000	1014.667
1601.000	927.667
1602.000	933.000
1603.000	914.000
1604.000	932.667
1605.000	816.333
1606.000	761.333
1607.000	745.333
1608.000	737.000
1609.000	663.000
1610.000	706.333
1611.000	712.000
1612.000	768.000
1613.000	755.333
1614.000	751.333
1615.000	676.000
1616.000	674.000
1617.000	542.667
1618.000	514.667
1619.000	527.667
1620.000	591.667
1621.000	658.667
1622.000	781.667
1623.000	718.000
1624.000	605.667
1625.000	520.667
1626.000	532.667
1627.000	520.667
1628.000	514.000
1629.000	458.667
1630.000	432.000
1631.000	451.000
1632.000	471.333
1633.000	468.333
1634.000	532.667
1635.000	485.000
1636.000	474.667
1637.000	419.333
1638.000	469.000
1639.000	471.667
1640.000	483.667
1641.000	471.333
1642.000	519.667
1643.000	481.000
1644.000	450.000
1645.000	423.333
1646.000	478.000
1647.000	485.000
1648.000	498.667
1649.000	435.333
1650.000	432.333
1651.000	457.000
1652.000	497.667
1653.000	506.333
1654.000	564.000
1655.000	507.000
1656.000	480.667
1657.000	517.000
1658.000	637.333
1659.000	626.333
1660.000	622.667
1661.000	508.000
1662.000	450.667
1663.000	466.667
1664.000	575.333
1665.000	523.000
1666.000	505.000
1667.000	429.000
1668.000	392.667
1669.000	386.667
1670.000	411.000
1671.000	406.333
1672.000	432.000
1673.000	455.000
1674.000	565.333
1675.000	554.667
1676.000	487.333
1677.000	432.000
1678.000	469.667
1679.000	460.667
1680.000	458.333
1681.000	468.000
1682.000	465.333
1683.000	449.333
1684.000	444.667
1685.000	440.667
1686.000	486.667
1687.000	451.667
1688.000	422.333
1689.000	415.667
1690.000	539.667
1691.000	510.000
1692.000	450.333
1693.000	434.000
1694.000	471.000
1695.000	445.333
1696.000	441.000
1697.000	426.667
1698.000	439.000
1699.000	427.000
1700.000	423.667
1701.000	422.000
1702.000	416.333
1703.000	402.333
1704.000	409.000
1705.000	418.667
1706.000	448.000
1707.000	424.000
1708.000	421.000
1709.000	407.333
1710.000	412.667
1711.000	432.000
1712.000	404.333
1713.000	401.000
1714.000	424.333
1715.000	421.333
1716.000	405.333
1717.000	368.000
1718.000	387.667
1719.000	398.667
1720.000	447.000
1721.000	410.667
1722.000	415.333
1723.000	437.333
1724.000	420.667
1725.000	403.333
1726.000	437.667
1727.000	433.333
1728.000	442.333
1729.000	398.667
1730.000	426.667
1731.000	421.000
1732.000	423.667
1733.000	397.000
1734.000	400.000
1735.000	391.667
1736.000	380.000
1737.000	382.000
1738.000	418.333
1739.000	389.667
1740.000	383.000
1741.000	409.333
1742.000	453.667
1743.000	436.000
1744.000	462.000
1745.000	430.000
1746.000	446.667
1747.000	524.667
1748.000	644.333
1749.000	527.000
1750.000	490.667
1751.000	429.667
1752.000	379.333
1753.000	362.333
1754.000	402.667
1755.000	396.667
1756.000	496.333
1757.000	548.667
1758.000	560.667
1759.000	487.333
1760.000	455.000
1761.000	439.000
1762.000	466.333
1763.000	419.667
1764.000	424.000
1765.000	383.000
1766.000	434.333
1767.000	410.000
1768.000	404.000
1769.000	441.333
1770.000	549.667
1771.000	536.333
1772.000	529.667
1773.000	493.667
1774.000	435.667
1775.000	421.333
1776.000	494.667
1777.000	523.000
1778.000	459.667
1779.000	393.000
1780.000	422.000
1781.000	379.667
1782.000	362.667
1783.000	371.333
1784.000	386.667
1785.000	371.333
1786.000	388.667
1787.000	406.667
1788.000	453.667
1789.000	419.000
1790.000	394.000
1791.000	419.333
1792.000	454.000
1793.000	465.333
1794.000	495.667
1795.000	442.667
1796.000	386.667
1797.000	381.667
1798.000	429.333
1799.000	387.000
1800.000	359.333
1801.000	392.667
1802.000	461.333
1803.000	432.000
1804.000	390.667
1805.000	409.333
1806.000	438.333
1807.000	419.000
1808.000	455.667
1809.000	420.667
1810.000	404.667
1811.000	366.000
1812.000	366.667
1813.000	428.333
1814.000	533.000
1815.000	618.000
1816.000	674.000
1817.000	512.333
1818.000	422.000
1819.000	414.000
1820.000	448.667
1821.000	452.333
1822.000	462.333
1823.000	433.667
1824.000	448.000
1825.000	421.333
1826.000	415.667
1827.000	400.000
1828.000	398.667
1829.000	391.667
1830.000	399.333
1831.000	387.000
1832.000	382.000
1833.000	373.333
1834.000	451.333
1835.000	497.667
1836.000	510.333
1837.000	464.000
1838.000	441.333
1839.000	407.333
1840.000	400.333
1841.000	432.667
1842.000	554.000
1843.000	466.000
1844.000	404.000
1845.000	396.333
1846.000	404.000
1847.000	408.667
1848.000	471.667
1849.000	511.333
1850.000	474.000
1851.000	437.000
1852.000	427.333
1853.000	391.000
1854.000	423.000
1855.000	439.000
1856.000	427.333
1857.000	391.667
1858.000	413.667
1859.000	422.000
1860.000	432.000
1861.000	423.667
1862.000	404.333
1863.000	365.667
1864.000	391.667
1865.000	414.000
1866.000	450.333
1867.000	418.333
1868.000	413.000
1869.000	395.333
1870.000	411.667
1871.000	382.000
1872.000	397.333
1873.000	447.667
1874.000	531.667
1875.000	467.667
1876.000	421.000
1877.000	403.000
1878.000	435.333
1879.000	449.333
1880.000	457.667
1881.000	507.333
1882.000	605.667
1883.000	548.667
1884.000	467.000
1885.000	393.000
1886.000	398.333
1887.000	378.333
1888.000	359.000
1889.000	364.000
1890.000	389.667
1891.000	396.667
1892.000	399.000
1893.000	398.667
1894.000	446.000
1895.000	433.000
1896.000	389.000
1897.000	363.333
1898.000	401.667
1899.000	405.333
1900.000	434.000
1901.000	412.000
1902.000	428.667
1903.000	404.333
1904.000	373.333
1905.000	401.000
1906.000	412.667
1907.000	386.667
1908.000	380.333
1909.000	388.333
1910.000	502.667
1911.000	664.333
1912.000	743.667
1913.000	541.000
1914.000	399.667
1915.000	364.667
1916.000	393.000
1917.000	408.000
1918.000	432.667
1919.000	410.667
1920.000	364.667
1921.000	394.333
1922.000	439.667
1923.000	442.667
1924.000	423.000
1925.000	407.667
1926.000	407.000
1927.000	406.333
1928.000	436.667
1929.000	458.000
1930.000	576.333
1931.000	605.000
1932.000	525.667
1933.000	460.000
1934.000	492.000
1935.000	479.000
1936.000	497.333
1937.000	477.000
1938.000	448.000
1939.000	401.333
1940.000	409.667
1941.000	464.667
1942.000	504.667
1943.000	432.333
1944.000	394.000
1945.000	365.000
1946.000	418.000
1947.000	410.000
1948.000	375.000
1949.000	372.333
1950.000	396.667
1951.000	408.333
1952.000	410.000
1953.000	407.667
1954.000	465.333
1955.000	456.333
1956.000	452.000
1957.000	485.667
1958.000	555.333
1959.000	544.333
1960.000	510.333
1961.000	487.333
1962.000	539.333
1963.000	509.333
1964.000	411.333
1965.000	347.333
1966.000	384.000
1967.000	446.000
1968.000	560.333
1969.000	486.333
1970.000	450.333
1971.000	405.667
1972.000	417.333
1973.000	400.333
1974.000	432.667
1975.000	479.000
1976.000	572.667
1977.000	507.667
1978.000	494.333
1979.000	479.000
1980.000	484.667
1981.000	452.000
1982.000	413.333
1983.000	423.333
1984.000	460.000
1985.000	426.667
1986.000	431.000
1987.000	409.667
1988.000	387.333
1989.000	385.333
1990.000	417.333
1991.000	417.667
1992.000	396.000
1993.000	394.333
1994.000	428.000
1995.000	415.000
1996.000	396.667
1997.000	362.000
1998.000	429.667
1999.000	459.000
2000.000	429.000
2001.000	379.333
2002.000	419.333
2003.000	423.000
2004.000	420.000
2005.000	406.000
2006.000	483.667
2007.000	545.667
2008.000	542.333
2009.000	509.333
2010.000	586.667
2011.000	518.333
2012.000	414.667
2013.000	374.000
2014.000	385.667
2015.000	490.333
2016.000	620.667
2017.000	563.000
2018.000	488.333
2019.000	425.333
2020.000	406.667
2021.000	382.000
2022.000	386.667
2023.000	382.667
2024.000	428.000
2025.000	462.000
2026.000	548.667
2027.000	490.667
2028.000	439.333
2029.000	392.333
2030.000	375.333
2031.000	409.667
2032.000	437.333
2033.000	414.000
2034.000	424.667
2035.000	405.000
2036.000	402.333
2037.000	390.333
2038.000	419.333
2039.000	406.000
2040.000	401.667
2041.000	387.000
2042.000	500.000
2043.000	638.333
2044.000	782.000
2045.000	585.000
2046.000	464.667
2047.000	412.333
2048.000	421.000
2049.000	403.667
2050.000	416.000
2051.000	441.000
2052.000	452.000
2053.000	412.000
2054.000	431.333
2055.000	420.333
2056.000	410.333
2057.000	420.667
2058.000	416.000
2059.000	384.667
2060.000	380.667
2061.000	385.667
2062.000	398.000
2063.000	410.667
2064.000	396.667
2065.000	359.000
2066.000	370.667
2067.000	377.333
2068.000	419.667
2069.000	432.000
2070.000	447.667
2071.000	394.000
2072.000	384.333
2073.000	400.333
2074.000	521.667
2075.000	568.000
2076.000	487.000
2077.000	399.000
2078.000	417.000
2079.000	406.667
2080.000	433.000
2081.000	462.667
2082.000	473.333
2083.000	404.333
2084.000	382.667
2085.000	375.667
2086.000	374.667
2087.000	375.000
2088.000	420.000
2089.000	409.000
2090.000	440.333
2091.000	475.333
2092.000	534.667
2093.000	464.333
2094.000	435.000
2095.000	381.333
2096.000	381.667
2097.000	368.667
2098.000	426.000
2099.000	447.667
2100.000	466.333
2101.000	422.667
2102.000	431.000
2103.000	429.333
2104.000	420.333
2105.000	383.000
2106.000	375.667
2107.000	362.333
2108.000	349.667
2109.000	341.667
2110.000	361.333
2111.000	351.667
2112.000	361.000
2113.000	379.333
2114.000	419.000
2115.000	395.667
2116.000	388.333
2117.000	382.667
2118.000	426.000
2119.000	420.000
2120.000	424.000
2121.000	402.000
2122.000	400.000
2123.000	479.333
2124.000	598.000
2125.000	524.667
2126.000	465.333
2127.000	418.667
2128.000	423.667
2129.000	432.333
2130.000	449.667
2131.000	412.333
2132.000	392.667
2133.000	397.667
2134.000	419.333
2135.000	406.333
2136.000	403.333
2137.000	383.667
2138.000	415.000
2139.000	418.333
2140.000	404.667
2141.000	388.667
2142.000	421.667
2143.000	410.667
2144.000	390.667
2145.000	371.667
2146.000	399.667
2147.000	403.667
2148.000	395.667
2149.000	395.333
2150.000	429.333
2151.000	398.667
2152.000	400.000
2153.000	401.667
2154.000	446.000
2155.000	431.667
2156.000	435.667
2157.000	418.333
2158.000	430.667
2159.000	429.667
2160.000	427.667
2161.000	405.667
2162.000	404.667
2163.000	458.333
2164.000	502.333
2165.000	439.667
2166.000	403.667
2167.000	404.000
2168.000	453.667
2169.000	530.000
2170.000	589.667
2171.000	516.000
2172.000	438.000
2173.000	379.333
2174.000	421.000
2175.000	407.000
2176.000	406.667
2177.000	394.333
2178.000	436.333
2179.000	402.667
2180.000	394.333
2181.000	379.000
2182.000	403.333
2183.000	373.667
2184.000	377.667
2185.000	352.000
2186.000	373.667
2187.000	386.000
2188.000	401.667
2189.000	412.333
2190.000	450.333
2191.000	432.333
2192.000	426.333
2193.000	438.667
2194.000	447.667
2195.000	420.667
2196.000	456.667
2197.000	461.000
2198.000	514.000
2199.000	489.000
2200.000	453.667
2201.000	383.333
2202.000	398.667
2203.000	412.333
2204.000	475.667
2205.000	479.667
2206.000	450.333
2207.000	412.333
2208.000	423.000
2209.000	415.000
2210.000	411.000
2211.000	422.000
2212.000	462.000
2213.000	451.333
2214.000	432.000
2215.000	407.000
2216.000	438.000
2217.000	475.000
2218.000	523.333
2219.000	469.667
2220.000	424.333
2221.000	420.333
2222.000	480.333
2223.000	460.333
2224.000	460.667
2225.000	420.333
2226.000	441.667
2227.000	436.000
2228.000	420.667
2229.000	416.000
2230.000	448.667
2231.000	462.667
2232.000	489.333
2233.000	416.667
2234.000	405.000
2235.000	403.667
2236.000	409.667
2237.000	408.000
2238.000	433.667
2239.000	472.333
2240.000	524.333
2241.000	464.333
2242.000	426.333
2243.000	456.667
2244.000	557.667
2245.000	600.667
2246.000	506.667
2247.000	415.333
2248.000	397.667
2249.000	393.667
2250.000	499.667
2251.000	486.667
2252.000	449.000
2253.000	409.667
2254.000	421.000
2255.000	433.667
2256.000	468.333
2257.000	416.000
2258.000	430.000
2259.000	396.667
2260.000	381.333
2261.000	369.667
2262.000	403.333
2263.000	408.667
2264.000	449.667
2265.000	433.667
2266.000	432.333
2267.000	432.333
2268.000	441.667
2269.000	401.000
2270.000	391.000
2271.000	383.000
2272.000	371.333
2273.000	376.333
2274.000	422.000
2275.000	380.667
2276.000	384.000
2277.000	375.000
2278.000	416.667
2279.000	474.000
2280.000	521.333
2281.000	438.333
2282.000	387.000
2283.000	367.333
2284.000	370.000
2285.000	381.333
2286.000	423.000
2287.000	387.000
2288.000	380.333
2289.000	371.333
2290.000	396.000
2291.000	370.333
2292.000	369.667
2293.000	375.000
2294.000	417.667
2295.000	396.333
2296.000	364.667
2297.000	337.000
2298.000	378.000
2299.000	403.667
2300.000	435.000
2301.000	408.000
2302.000	413.667
2303.000	384.333
2304.000	385.333
2305.000	378.000
2306.000	411.333
2307.000	416.333
2308.000	410.667
2309.000	363.667
2310.000	380.333
2311.000	403.333
2312.000	405.000
2313.000	438.000
2314.000	523.000
2315.000	515.000
2316.000	498.333
2317.000	431.667
2318.000	404.333
2319.000	370.667
2320.000	382.333
2321.000	368.333
2322.000	401.000
2323.000	403.667
2324.000	420.000
2325.000	393.333
2326.000	402.333
2327.000	384.667
2328.000	381.667
2329.000	372.667
2330.000	394.000
2331.000	384.333
2332.000	401.333
2333.000	387.667
2334.000	446.667
2335.000	405.333
2336.000	385.333
2337.000	360.000
2338.000	384.000
2339.000	397.667
2340.000	407.333
2341.000	381.667
2342.000	424.333
2343.000	416.333
2344.000	411.333
2345.000	397.667
2346.000	419.667
2347.000	418.667
2348.000	411.667
2349.000	400.333
2350.000	426.333
2351.000	456.000
2352.000	460.000
2353.000	450.333
2354.000	470.333
2355.000	438.000
2356.000	399.000
2357.000	389.333
2358.000	421.667
2359.000	402.000
2360.000	398.000
2361.000	395.000
2362.000	418.000
2363.000	397.000
2364.000	375.000
2365.000	377.667
2366.000	408.667
2367.000	387.667
2368.000	421.333
2369.000	425.000
2370.000	446.667
2371.000	483.333
2372.000	565.000
2373.000	574.667
2374.000	504.667
2375.000	459.000
2376.000	452.333
2377.000	408.000
2378.000	416.000
2379.000	415.000
2380.000	418.333
2381.000	432.333
2382.000	470.000
2383.000	421.333
2384.000	396.667
2385.000	384.333
2386.000	401.333
2387.000	371.000
2388.000	370.000
2389.000	379.667
2390.000	412.667
2391.000	411.667
2392.000	388.000
2393.000	405.667
2394.000	491.667
2395.000	453.667
2396.000	451.333
2397.000	451.333
2398.000	456.000
2399.000	406.333
2400.000	370.333
2401.000	353.667
2402.000	361.667
2403.000	399.667
2404.000	422.667
2405.000	400.000
2406.000	388.667
2407.000	398.000
2408.000	416.333
2409.000	385.333
2410.000	404.667
2411.000	394.333
2412.000	434.000
2413.000	419.333
2414.000	415.333
2415.000	383.667
2416.000	385.333
2417.000	388.667
2418.000	426.333
2419.000	395.000
2420.000	371.333
2421.000	369.333
2422.000	376.667
2423.000	367.667
2424.000	410.667
2425.000	434.000
2426.000	460.000
2427.000	464.667
2428.000	516.667
2429.000	663.667
2430.000	833.000
2431.000	606.667
2432.000	433.667
2433.000	358.000
2434.000	373.667
2435.000	398.333
2436.000	422.667
2437.000	418.333
2438.000	422.333
2439.000	396.667
2440.000	404.667
2441.000	394.333
2442.000	408.667
2443.000	441.000
2444.000	506.000
2445.000	485.333
2446.000	450.333
2447.000	435.000
2448.000	462.000
2449.000	416.333
2450.000	414.000
2451.000	396.000
2452.000	371.000
2453.000	374.667
2454.000	421.333
2455.000	425.667
2456.000	413.333
2457.000	389.000
2458.000	447.000
2459.000	427.333
2460.000	433.333
2461.000	408.667
2462.000	437.667
2463.000	391.667
2464.000	358.333
2465.000	343.667
2466.000	386.000
2467.000	392.667
2468.000	436.000
2469.000	405.000
2470.000	398.667
2471.000	401.667
2472.000	463.000
2473.000	606.333
2474.000	727.667
2475.000	633.667
2476.000	641.333
2477.000	723.333
2478.000	715.333
2479.000	587.667
2480.000	448.000
2481.000	369.000
2482.000	390.667
2483.000	379.333
2484.000	411.333
2485.000	416.667
2486.000	456.667
2487.000	452.333
2488.000	465.333
2489.000	410.333
2490.000	393.000
2491.000	401.667
2492.000	404.000
2493.000	385.333
2494.000	402.667
2495.000	399.667
2496.000	400.333
2497.000	387.000
2498.000	388.000
2499.000	408.333
2500.000	454.000
2501.000	427.333
2502.000	431.000
2503.000	431.000
2504.000	402.333
2505.000	358.667
2506.000	389.000
2507.000	390.000
2508.000	419.000
2509.000	431.333
2510.000	426.000
2511.000	417.000
2512.000	412.000
2513.000	411.667
2514.000	439.667
2515.000	436.000
2516.000	425.667
2517.000	395.333
2518.000	446.333
2519.000	434.333
2520.000	454.667
2521.000	430.333
2522.000	423.000
2523.000	400.667
2524.000	408.000
2525.000	462.333
2526.000	504.000
2527.000	447.000
2528.000	410.667
2529.000	389.667
2530.000	411.667
2531.000	392.667
2532.000	359.667
2533.000	397.333
2534.000	450.667
2535.000	400.667
2536.000	369.000
2537.000	347.333
2538.000	376.333
2539.000	388.000
2540.000	383.000
2541.000	360.667
2542.000	408.333
2543.000	474.333
2544.000	491.000
2545.000	489.333
2546.000	488.000
2547.000	471.667
2548.000	462.000
2549.000	416.667
2550.000	424.000
2551.000	398.000
2552.000	400.333
2553.000	404.667
2554.000	419.667
2555.000	372.667
2556.000	368.333
2557.000	372.000
2558.000	466.667
2559.000	603.000
2560.000	620.333
2561.000	516.333
2562.000	419.333
2563.000	395.000
2564.000	401.667
2565.000	377.000
2566.000	386.000
2567.000	410.333
2568.000	454.000
2569.000	429.000
2570.000	436.333
2571.000	412.333
2572.000	428.000
2573.000	460.667
2574.000	574.000
2575.000	600.333
2576.000	506.667
2577.000	420.667
2578.000	415.000
2579.000	398.667
2580.000	400.333
2581.000	408.667
2582.000	441.000
2583.000	421.000
2584.000	445.000
2585.000	385.667
2586.000	385.667
2587.000	385.333
2588.000	416.000
2589.000	443.667
2590.000	516.000
2591.000	548.667
2592.000	594.000
2593.000	480.000
2594.000	437.000
2595.000	394.000
2596.000	383.667
2597.000	395.333
2598.000	478.667
2599.000	456.333
2600.000	421.000
2601.000	405.000
2602.000	423.667
2603.000	414.000
2604.000	386.333
2605.000	362.000
2606.000	394.333
2607.000	386.000
2608.000	391.333
2609.000	395.333
2610.000	410.667
2611.000	413.000
2612.000	393.000
2613.000	409.333
2614.000	428.000
2615.000	395.667
2616.000	390.667
2617.000	405.333
2618.000	414.000
2619.000	422.667
2620.000	438.000
2621.000	400.000
2622.000	400.000
2623.000	392.000
2624.000	393.667
2625.000	401.667
2626.000	440.667
2627.000	397.667
2628.000	384.667
2629.000	443.333
2630.000	550.667
2631.000	562.333
2632.000	509.333
2633.000	459.333
2634.000	458.333
2635.000	422.333
2636.000	402.000
2637.000	414.000
2638.000	491.667
2639.000	437.667
2640.000	395.667
2641.000	374.333
2642.000	405.667
2643.000	410.000
2644.000	422.667
2645.000	416.333
2646.000	423.000
2647.000	413.000
2648.000	396.000
2649.000	397.333
2650.000	414.333
2651.000	394.667
2652.000	408.333
2653.000	375.667
2654.000	391.667
2655.000	387.000
2656.000	431.667
2657.000	440.333
2658.000	447.333
2659.000	402.667
2660.000	405.333
2661.000	398.333
2662.000	422.000
2663.000	417.333
2664.000	411.667
2665.000	381.333
2666.000	395.667
2667.000	409.333
2668.000	422.333
2669.000	431.333
2670.000	447.000
2671.000	435.000
2672.000	420.000
2673.000	406.333
2674.000	421.000
2675.000	433.000
2676.000	447.333
2677.000	413.000
2678.000	413.000
2679.000	411.333
2680.000	445.000
2681.000	432.000
2682.000	446.333
2683.000	426.333
2684.000	418.667
2685.000	396.667
2686.000	395.000
2687.000	393.000
2688.000	377.667
2689.000	381.667
2690.000	390.000
2691.000	386.000
2692.000	402.667
2693.000	376.667
2694.000	389.333
2695.000	398.333
2696.000	455.667
2697.000	448.333
2698.000	441.333
2699.000	399.667
2700.000	376.000
2701.000	368.667
2702.000	393.667
2703.000	399.333
2704.000	403.000
2705.000	389.333
2706.000	428.333
2707.000	418.667
2708.000	407.667
2709.000	368.000
2710.000	385.667
2711.000	389.333
2712.000	371.667
2713.000	398.000
2714.000	466.667
2715.000	411.333
2716.000	412.000
2717.000	419.667
2718.000	415.000
2719.000	376.000
2720.000	385.333
2721.000	406.333
2722.000	457.333
2723.000	442.667
2724.000	431.667
2725.000	365.333
2726.000	391.000
2727.000	427.333
2728.000	473.000
2729.000	425.000
2730.000	387.667
2731.000	374.000
2732.000	376.667
2733.000	377.000
2734.000	415.667
2735.000	389.333
2736.000	363.000
2737.000	361.333
2738.000	435.667
2739.000	408.000
2740.000	391.333
2741.000	365.000
2742.000	401.333
2743.000	398.333
2744.000	388.333
2745.000	450.333
2746.000	595.000
2747.000	671.667
2748.000	584.000
2749.000	429.667
2750.000	397.667
2751.000	417.000
2752.000	500.333
2753.000	522.333
2754.000	511.667
2755.000	441.333
2756.000	425.000
2757.000	460.667
2758.000	536.333
2759.000	490.667
2760.000	402.667
2761.000	373.333
2762.000	387.667
2763.000	383.667
2764.000	374.333
2765.000	392.667
2766.000	457.333
2767.000	443.000
2768.000	394.000
2769.000	410.000
2770.000	431.333
2771.000	411.667
2772.000	416.333
2773.000	397.333
2774.000	399.000
2775.000	386.667
2776.000	427.333
2777.000	384.000
2778.000	373.000
2779.000	380.333
2780.000	393.000
2781.000	399.667
2782.000	425.000
2783.000	373.667
2784.000	363.000
2785.000	369.667
2786.000	409.667
2787.000	396.000
2788.000	401.667
2789.000	368.667
2790.000	378.333
2791.000	372.667
2792.000	412.667
2793.000	402.333
2794.000	443.000
2795.000	434.333
2796.000	409.333
2797.000	404.000
2798.000	443.000
2799.000	447.333
2800.000	458.333
2801.000	403.667
2802.000	405.667
2803.000	413.000
2804.000	399.667
2805.000	410.667
2806.000	533.333
2807.000	611.667
2808.000	573.000
2809.000	441.000
2810.000	398.333
2811.000	368.333
2812.000	341.000
2813.000	359.333
2814.000	378.667
2815.000	378.000
2816.000	397.667
2817.000	418.333
2818.000	447.667
2819.000	411.333
2820.000	409.667
2821.000	407.333
2822.000	435.333
2823.000	450.667
2824.000	435.333
2825.000	421.333
2826.000	450.333
2827.000	423.333
2828.000	420.000
2829.000	391.667
2830.000	397.000
2831.000	407.333
2832.000	446.000
2833.000	462.000
2834.000	483.667
2835.000	413.667
2836.000	352.333
2837.000	342.667
2838.000	364.000
2839.000	387.000
2840.000	436.333
2841.000	420.333
2842.000	426.667
2843.000	409.333
2844.000	489.000
2845.000	551.000
2846.000	594.000
2847.000	543.000
2848.000	393.667
2849.000	379.667
2850.000	385.000
2851.000	388.667
2852.000	458.667
2853.000	448.333
2854.000	464.000
2855.000	396.667
2856.000	379.000
2857.000	398.667
2858.000	450.000
2859.000	445.667
2860.000	401.667
2861.000	396.667
2862.000	456.333
2863.000	476.667
2864.000	528.667
2865.000	573.667
2866.000	585.333
2867.000	549.667
2868.000	461.667
2869.000	401.333
2870.000	400.667
2871.000	375.667
2872.000	411.000
2873.000	406.333
2874.000	430.667
2875.000	437.000
2876.000	454.000
2877.000	430.000
2878.000	426.000
2879.000	418.667
2880.000	457.667
2881.000	540.000
2882.000	535.333
2883.000	457.333
2884.000	542.000
2885.000	629.000
2886.000	612.333
2887.000	489.000
2888.000	420.667
2889.000	367.667
2890.000	399.333
2891.000	427.000
2892.000	419.333
2893.000	409.000
2894.000	456.000
2895.000	434.000
2896.000	390.667
2897.000	369.667
2898.000	423.000
2899.000	439.333
2900.000	547.333
2901.000	608.000
2902.000	563.333
2903.000	465.333
2904.000	470.667
2905.000	554.333
2906.000	593.000
2907.000	462.333
2908.000	401.667
2909.000	406.000
2910.000	444.000
2911.000	443.000
2912.000	444.667
2913.000	448.000
2914.000	586.333
2915.000	612.333
2916.000	496.667
2917.000	436.000
2918.000	432.000
2919.000	405.333
2920.000	399.000
2921.000	373.000
2922.000	386.667
2923.000	387.000
2924.000	399.333
2925.000	377.667
2926.000	347.667
2927.000	342.667
2928.000	372.333
2929.000	387.000
2930.000	445.000
2931.000	436.667
2932.000	429.333
2933.000	385.333
2934.000	392.333
2935.000	375.000
2936.000	419.000
2937.000	388.333
2938.000	393.333
2939.000	386.000
2940.000	395.667
2941.000	392.667
2942.000	463.000
2943.000	442.333
2944.000	395.000
2945.000	383.000
2946.000	426.667
2947.000	412.000
2948.000	408.333
2949.000	425.000
2950.000	474.000
2951.000	427.667
2952.000	379.667
2953.000	360.333
2954.000	371.000
2955.000	378.000
2956.000	418.333
2957.000	409.667
2958.000	412.000
2959.000	440.333
2960.000	469.000
2961.000	436.333
2962.000	495.000
2963.000	491.333
2964.000	468.333
2965.000	442.000
2966.000	487.333
2967.000	535.333
2968.000	559.000
2969.000	477.000
2970.000	472.333
2971.000	441.667
2972.000	430.333
2973.000	401.000
2974.000	419.000
2975.000	385.000
2976.000	376.333
2977.000	417.667
2978.000	483.000
2979.000	458.667
2980.000	429.000
2981.000	394.333
2982.000	396.333
2983.000	394.667
2984.000	432.333
2985.000	459.000
2986.000	519.000
2987.000	516.000
2988.000	507.333
2989.000	458.333
2990.000	427.667
2991.000	414.667
2992.000	452.000
2993.000	467.000
2994.000	461.667
2995.000	442.000
2996.000	417.333
2997.000	431.333
2998.000	484.000
2999.000	466.667
3000.000	457.333
3001.000	411.000
3002.000	428.000
3003.000	421.667
3004.000	449.667
3005.000	498.667
3006.000	561.333
3007.000	537.333
3008.000	489.000
3009.000	452.000
3010.000	463.667
3011.000	459.000
3012.000	483.333
3013.000	446.000
3014.000	459.000
3015.000	450.333
3016.000	490.333
3017.000	470.333
3018.000	495.333
3019.000	542.667
3020.000	572.333
3021.000	502.000
3022.000	536.667
3023.000	562.667
3024.000	611.333
3025.000	559.667
3026.000	527.000
3027.000	487.000
3028.000	527.000
3029.000	558.667
3030.000	712.333
3031.000	744.000
3032.000	644.667
3033.000	481.667
3034.000	466.333
3035.000	502.667
3036.000	557.333
3037.000	543.667
3038.000	568.667
3039.000	536.667
3040.000	523.333
3041.000	498.000
3042.000	554.667
3043.000	599.000
3044.000	667.000
3045.000	631.333
3046.000	640.000
3047.000	573.333
3048.000	561.333
3049.000	610.000
3050.000	762.667
3051.000	704.333
3052.000	687.667
3053.000	641.667
3054.000	714.667
3055.000	644.333
3056.000	613.000
3057.000	635.333
3058.000	753.333
3059.000	798.000
3060.000	865.667
3061.000	871.000
3062.000	963.333
3063.000	991.000
3064.000	1048.333
3065.000	1105.667
3066.000	1249.667
3067.000	1267.000
3068.000	1417.333
3069.000	1495.333
3070.000	1702.667
3071.000	1741.000
3072.000	1731.333
3073.000	1850.333
3074.000	2165.000
3075.000	2394.000
3076.000	2677.667
3077.000	2805.000
3078.000	3021.333
3079.000	3073.333
3080.000	3130.333
3081.000	3220.000
3082.000	3537.333
3083.000	4226.000
3084.000	4942.667
3085.000	5354.667
3086.000	5877.667
3087.000	6309.667
3088.000	6774.000
3089.000	7131.333
3090.000	7682.000
3091.000	8528.667
3092.000	9517.667
3093.000	10876.000
3094.000	12267.000
3095.000	13454.333
3096.000	14667.000
3097.000	15611.667
3098.000	16671.000
3099.000	17959.000
3100.000	19263.000
3101.000	20705.000
3102.000	22521.333
3103.000	24800.333
3104.000	27252.667
3105.000	29459.333
3106.000	31701.000
3107.000	33235.000
3108.000	34804.667
3109.000	36372.000
3110.000	37961.667
3111.000	39217.333
3112.000	40197.667
3113.000	40914.000
3114.000	41410.667
3115.000	41529.000
3116.000	41390.667
3117.000	40803.000
3118.000	39920.667
3119.000	38617.333
3120.000	36922.667
3121.000	34749.667
3122.000	32646.000
3123.000	29471.333
3124.000	26311.333
3125.000	22796.333
3126.000	19339.667
3127.000	15966.333
3128.000	12922.667
3129.000	10564.000
3130.000	8436.000
3131.000	6462.000
3132.000	4814.333
3133.000	3864.667
3134.000	3138.000
3135.000	2483.667
3136.000	1974.000
3137.000	1583.333
3138.000	1336.667
3139.000	1143.333
3140.000	1016.667
3141.000	883.333
3142.000	835.667
3143.000	874.000
3144.000	966.333
3145.000	839.333
3146.000	797.333
3147.000	757.333
3148.000	750.333
3149.000	727.000
3150.000	794.667
3151.000	738.333
3152.000	733.333
3153.000	670.000
3154.000	662.000
3155.000	592.667
3156.000	618.667
3157.000	607.333
3158.000	653.000
3159.000	561.333
3160.000	555.333
3161.000	531.000
3162.000	611.333
3163.000	666.000
3164.000	767.000
3165.000	656.333
3166.000	540.000
3167.000	525.333
3168.000	565.333
3169.000	541.667
3170.000	555.000
3171.000	479.667
3172.000	423.000
3173.000	422.000
3174.000	469.667
3175.000	463.000
3176.000	453.333
3177.000	435.000
3178.000	503.000
3179.000	479.333
3180.000	454.000
3181.000	421.333
3182.000	428.667
3183.000	430.000
3184.000	461.333
3185.000	410.667
3186.000	460.000
3187.000	455.333
3188.000	478.333
3189.000	490.333
3190.000	562.667
3191.000	528.000
3192.000	462.333
3193.000	424.000
3194.000	446.667
3195.000	459.333
3196.000	456.667
3197.000	423.000
3198.000	425.000
3199.000	399.000
3200.000	378.333
3201.000	376.000
3202.000	424.000
3203.000	467.667
3204.000	476.333
3205.000	420.333
3206.000	416.667
3207.000	426.333
3208.000	446.000
3209.000	428.000
3210.000	461.333
3211.000	427.333
3212.000	388.667
3213.000	406.000
3214.000	451.333
3215.000	423.667
3216.000	405.333
3217.000	455.333
3218.000	547.667
3219.000	485.333
3220.000	463.667
3221.000	450.000
3222.000	449.000
3223.000	424.000
3224.000	409.000
3225.000	401.667
3226.000	452.667
3227.000	424.333
3228.000	418.000
3229.000	417.667
3230.000	500.000
3231.000	481.333
3232.000	429.000
3233.000	426.333
3234.000	443.667
3235.000	410.667
3236.000	381.667
3237.000	361.333
3238.000	380.667
3239.000	394.333
3240.000	407.333
3241.000	410.000
3242.000	474.333
3243.000	498.667
3244.000	521.000
3245.000	543.667
3246.000	555.333
3247.000	463.333
3248.000	420.000
3249.000	393.333
3250.000	413.667
3251.000	424.000
3252.000	419.333
3253.000	379.333
3254.000	366.667
3255.000	359.667
3256.000	387.333
3257.000	412.333
3258.000	430.333
3259.000	399.667
3260.000	448.667
3261.000	452.333
3262.000	473.000
3263.000	430.667
3264.000	388.000
3265.000	382.667
3266.000	428.000
3267.000	395.333
3268.000	407.000
3269.000	423.667
3270.000	461.333
3271.000	411.667
3272.000	412.333
3273.000	407.667
3274.000	411.000
3275.000	418.000
3276.000	420.000
3277.000	425.000
3278.000	433.333
3279.000	410.667
3280.000	381.667
3281.000	381.667
3282.000	454.333
3283.000	438.333
3284.000	438.667
3285.000	409.000
3286.000	452.667
3287.000	502.000
3288.000	502.667
3289.000	480.000
3290.000	504.000
3291.000	456.333
3292.000	409.667
3293.000	363.333
3294.000	374.000
3295.000	396.000
3296.000	425.000
3297.000	425.000
3298.000	464.333
3299.000	447.000
3300.000	427.667
3301.000	389.333
3302.000	422.000
3303.000	405.333
3304.000	406.667
3305.000	424.000
3306.000	514.333
3307.000	632.333
3308.000	617.333
3309.000	494.000
3310.000	453.667
3311.000	410.000
3312.000	397.000
3313.000	402.333
3314.000	409.333
3315.000	405.667
3316.000	431.000
3317.000	456.000
3318.000	501.000
3319.000	449.333
3320.000	473.667
3321.000	509.000
3322.000	586.667
3323.000	577.667
3324.000	468.667
3325.000	408.000
3326.000	412.667
3327.000	375.333
3328.000	401.667
3329.000	379.333
3330.000	420.333
3331.000	448.333
3332.000	451.667
3333.000	417.000
3334.000	417.000
3335.000	397.333
3336.000	401.667
3337.000	378.333
3338.000	428.667
3339.000	558.000
3340.000	684.333
3341.000	616.000
3342.000	444.000
3343.000	419.000
3344.000	461.333
3345.000	398.667
3346.000	387.667
3347.000	401.000
3348.000	428.667
3349.000	426.333
3350.000	417.667
3351.000	433.000
3352.000	451.000
3353.000	419.667
3354.000	448.667
3355.000	463.000
3356.000	510.333
3357.000	421.000
3358.000	388.667
3359.000	421.333
3360.000	463.667
3361.000	402.333
3362.000	406.000
3363.000	430.667
3364.000	426.667
3365.000	410.333
3366.000	423.000
3367.000	415.000
3368.000	415.000
