149.832 -21.972
150.084 -26.972
150.337 6.028
150.589 30.028
150.841 -7.972
151.094 -8.971
151.346 14.029
151.598 -9.971
151.851 0.029
152.103 21.029
152.355 15.029
152.608 26.029
152.860 35.029
153.113 0.029
153.365 6.029
153.617 -11.971
153.870 -16.971
154.122 -7.971
154.374 2.029
154.627 -11.971
154.879 -5.971
155.131 3.029
155.384 10.029
155.636 -6.971
155.889 -31.971
156.141 10.029
156.393 43.029
156.646 24.029
156.898 27.029
157.150 17.029
157.403 34.029
157.655 22.029
157.907 -22.971
158.160 -7.971
158.412 35.029
158.664 37.029
158.917 39.029
159.169 31.029
159.422 15.029
159.674 8.029
159.926 5.029
160.179 -3.971
160.431 -15.971
160.683 -3.971
160.936 19.029
161.188 15.029
161.440 -10.971
161.693 -2.971
161.945 28.029
162.198 16.029
162.450 14.029
162.702 -9.971
162.955 -11.971
163.207 22.029
163.459 34.029
163.712 34.029
163.964 8.029
164.216 -1.971
164.469 -19.971
164.721 -30.971
164.974 -17.971
165.226 -21.971
165.478 -13.971
165.731 19.029
165.983 43.029
166.235 47.029
166.488 65.029
166.740 32.029
166.992 -9.971
167.245 -12.971
167.497 -20.971
167.749 -38.970
168.002 -43.970
168.254 -16.970
168.507 1.030
168.759 14.030
169.011 11.030
169.264 -0.970
169.516 57.030
169.768 6.030
170.021 -7.970
170.273 16.030
170.525 21.030
170.778 27.030
171.030 38.030
171.283 35.030
171.535 11.030
171.787 11.030
172.040 -15.970
172.292 -6.970
172.544 -22.970
172.797 -4.970
173.049 28.030
173.301 17.030
173.554 1.030
173.806 -27.970
174.058 -40.970
174.311 21.030
174.563 3.030
174.816 -12.970
175.068 20.030
175.320 -15.970
175.573 1.030
175.825 10.030
176.077 1.030
176.330 -16.970
176.582 -34.970
176.834 -2.970
177.087 13.030
177.339 -29.970
177.592 -22.970
177.844 2.030
178.096 -15.970
178.349 2.030
178.601 11.030
178.853 4.030
179.106 11.030
179.358 20.030
179.610 25.030
179.863 2.030
180.115 -5.970
180.368 -27.970
180.620 -11.970
180.872 0.030
181.125 -25.970
181.377 -15.970
181.629 6.030
181.882 2.030
182.134 29.030
182.386 -7.970
182.639 -22.970
182.891 -4.970
183.143 17.030
183.396 39.031
183.648 59.031
183.901 60.031
184.153 29.031
184.405 27.031
184.658 10.031
184.910 -0.969
185.158 32.031
185.406 40.031
185.654 31.031
185.903 29.031
186.151 18.031
186.399 10.031
186.647 21.031
186.895 69.031
187.143 24.031
187.392 -15.969
187.640 -16.969
187.888 -20.969
188.136 -7.969
188.384 5.031
188.632 -4.969
188.881 3.031
189.129 9.031
189.377 1.031
189.625 -30.969
189.873 -10.969
190.121 -1.969
190.369 0.031
190.618 49.031
190.866 31.031
191.114 32.031
191.362 1.031
191.610 -5.969
191.858 7.031
192.107 -13.969
192.355 27.031
192.603 59.031
192.851 10.031
193.099 -12.969
193.347 9.031
193.596 -11.969
193.844 -13.969
194.092 -21.969
194.340 -11.969
194.588 25.031
194.836 12.031
195.085 -38.969
195.333 -19.969
195.581 25.031
195.829 14.031
196.077 45.031
196.325 42.031
196.573 22.031
196.822 -0.969
197.070 5.031
197.318 15.031
197.566 39.031
197.814 21.031
198.062 -12.968
198.311 -4.968
198.559 -8.968
198.807 -17.968
199.055 -12.968
199.303 18.032
199.551 5.032
199.800 7.032
200.048 26.032
200.296 26.032
200.544 15.032
200.792 -7.968
201.040 -21.968
201.288 3.032
201.537 5.032
201.785 -34.968
202.033 -7.968
202.281 51.032
202.529 38.032
202.777 -19.968
203.026 -28.968
203.274 -10.968
203.522 37.032
203.770 41.032
204.018 24.032
204.266 19.032
204.515 8.032
204.763 -13.968
205.011 2.032
205.259 -15.968
205.507 -20.968
205.755 -5.968
206.004 -2.968
206.252 7.032
206.500 8.032
206.748 -18.968
206.996 0.032
207.244 6.032
207.492 20.032
207.741 18.032
207.989 21.032
208.237 23.032
208.485 8.032
208.733 2.032
208.981 3.032
209.230 22.032
209.478 2.032
209.726 7.032
209.974 9.032
210.222 3.032
210.470 -2.968
210.719 -0.968
210.967 -0.968
211.215 37.032
211.463 5.032
211.711 43.032
211.959 39.032
212.207 17.033
212.456 3.033
212.704 -6.967
212.952 -18.967
213.200 4.033
213.448 -2.967
213.696 5.033
213.945 28.033
214.193 46.033
214.441 35.033
214.689 24.033
214.937 3.033
215.185 12.033
215.434 -4.967
215.682 16.033
215.930 25.033
216.178 -14.967
216.426 -39.967
216.674 -8.967
216.922 5.033
217.171 -3.967
217.419 17.033
217.667 25.033
217.915 31.033
218.163 30.033
218.411 -16.967
218.660 -26.967
218.908 4.033
219.156 -4.967
219.404 0.033
219.652 24.033
219.900 17.033
220.149 7.033
220.397 19.033
220.645 17.033
220.893 -1.967
221.141 -1.967
221.389 16.033
221.638 -7.967
221.886 -0.967
222.134 13.033
222.382 -10.967
222.630 3.033
222.878 17.033
223.126 -7.967
223.375 -45.967
223.623 -30.967
223.871 8.033
224.119 15.033
224.367 26.033
224.615 42.033
224.864 15.033
225.112 11.033
225.360 15.033
225.608 -18.966
225.856 -3.966
226.104 6.034
226.353 9.034
226.601 31.034
226.849 -8.966
227.097 -4.966
227.345 26.034
227.593 24.034
227.841 34.034
228.090 13.034
228.338 -0.966
228.586 -16.966
228.834 17.034
229.082 65.034
229.330 50.034
229.579 14.034
229.827 -34.966
230.075 -40.966
230.323 -36.966
230.571 -2.966
230.819 37.034
231.068 23.034
231.316 32.034
231.564 10.034
231.812 22.034
232.060 24.034
232.308 19.034
232.557 -0.966
232.805 -8.966
233.053 -27.966
233.301 -0.966
233.549 23.034
233.797 31.034
234.045 16.034
234.294 36.034
234.542 24.034
234.790 1.034
235.038 -2.966
235.286 27.034
235.534 42.034
235.783 46.034
236.031 26.034
236.279 25.034
236.527 13.034
236.775 20.034
237.023 13.034
237.272 -2.966
237.520 1.034
237.768 4.034
238.016 9.034
238.264 33.034
238.512 43.035
238.760 12.035
239.009 -32.965
239.257 -18.965
239.505 9.035
239.753 11.035
240.001 -10.965
240.249 -11.965
240.498 8.035
240.746 5.035
240.994 9.035
241.242 13.035
241.490 13.035
241.738 6.035
241.987 13.035
242.235 17.035
242.483 -4.965
242.731 24.035
242.979 22.035
243.227 -13.965
243.475 12.035
243.724 23.035
243.972 12.035
244.220 24.035
244.468 22.035
244.716 9.035
244.964 3.035
245.213 23.035
245.461 19.035
245.709 7.035
245.957 -0.965
246.205 -8.965
246.453 1.035
246.702 13.035
246.950 -6.965
247.198 -21.965
247.446 -1.965
247.694 -19.965
247.942 -11.965
248.191 5.035
248.439 20.035
248.687 38.035
248.935 -23.965
249.183 -17.965
249.431 -4.965
249.679 -27.965
249.928 -20.965
250.176 15.035
250.424 11.035
250.672 -1.964
250.920 -25.964
251.168 -13.964
251.417 7.036
251.665 -14.964
251.913 -2.964
252.161 -20.964
252.409 -26.964
252.657 -2.964
252.906 7.036
253.154 6.036
253.402 5.036
253.650 -19.964
253.905 -10.964
254.161 34.036
254.416 27.036
254.672 -8.964
254.927 18.036
255.183 23.036
255.438 38.036
255.694 32.036
255.949 3.036
256.205 -18.964
256.460 -27.964
256.715 -1.964
256.971 1.036
257.226 -25.964
257.482 -24.964
257.737 -16.964
257.993 -10.964
258.248 0.036
258.504 13.036
258.759 -25.964
259.014 7.036
259.270 5.036
259.525 -2.964
259.781 34.036
260.036 10.036
260.292 -7.964
260.547 -0.964
260.803 -19.964
261.058 18.036
261.314 9.036
261.569 -5.964
261.824 -35.964
262.080 -45.964
262.335 -31.964
262.591 7.036
262.846 30.037
263.102 13.037
263.357 16.037
263.613 0.037
263.868 25.037
264.123 16.037
264.379 3.037
264.634 4.037
264.890 36.037
265.145 51.037
265.401 37.037
265.656 33.037
265.912 27.037
266.167 7.037
266.423 7.037
266.678 -23.963
266.933 -22.963
267.189 18.037
267.444 6.037
267.700 29.037
267.955 2.037
268.211 7.037
268.466 10.037
268.722 67.037
268.977 20.037
269.232 21.037
269.488 11.037
269.743 8.037
269.999 -11.963
270.254 -16.963
270.510 23.037
270.765 12.037
271.021 -4.963
271.276 -11.963
271.532 5.037
271.787 -0.963
272.042 2.037
272.298 13.037
272.553 52.037
272.809 31.037
273.064 1.037
273.320 7.037
273.575 36.037
273.831 37.037
274.086 17.037
274.342 -7.962
274.597 30.038
274.852 -5.962
275.108 -5.962
275.363 -4.962
275.619 -4.962
275.874 27.038
276.130 13.038
276.385 -13.962
276.641 -8.962
276.896 -11.962
277.151 14.038
277.407 16.038
277.662 -11.962
277.918 -25.962
278.173 -15.962
278.429 3.038
278.684 -24.962
278.940 -31.962
279.195 -16.962
279.451 -17.962
279.706 2.038
279.961 25.038
280.217 5.038
280.472 -16.962
280.728 -19.962
280.983 -46.962
281.239 -19.962
281.494 -7.962
281.750 -2.962
282.005 13.038
282.260 8.038
282.516 11.038
282.771 25.038
283.027 8.038
283.282 -6.962
283.538 -29.962
283.793 -11.962
284.049 12.038
284.304 21.038
284.560 30.038
284.815 24.038
285.070 29.038
285.326 -16.962
285.581 -20.961
285.837 3.039
286.092 14.039
286.348 -3.961
286.603 12.039
286.859 1.039
287.114 21.039
287.369 42.039
287.625 41.039
287.880 -5.961
288.136 4.039
288.391 13.039
288.647 3.039
288.902 6.039
289.158 -11.961
289.413 6.039
289.669 -7.961
289.924 -32.961
290.179 -5.961
290.435 21.039
290.690 -4.961
290.946 1.039
291.201 1.039
291.457 -16.961
291.712 -10.961
291.968 14.039
292.223 7.039
292.479 7.039
292.734 8.039
292.989 -23.961
293.245 -9.961
293.500 18.039
293.756 34.039
294.011 -0.961
294.267 -6.961
294.522 14.039
294.778 -6.961
295.033 -46.961
295.288 -16.961
295.544 3.039
295.799 -11.961
296.055 21.039
296.310 13.040
296.566 -7.960
296.821 20.040
297.077 51.040
297.332 50.040
297.588 32.040
297.843 7.040
298.098 1.040
298.354 3.040
298.609 -6.960
298.865 -11.960
299.120 -4.960
299.376 -9.960
299.631 -6.960
299.887 33.040
300.142 12.040
300.397 -21.960
300.653 6.040
300.908 14.040
301.164 22.040
301.419 18.040
301.675 -14.960
301.930 -3.960
302.186 9.040
302.441 -1.960
302.697 -7.960
302.952 22.040
303.207 -12.960
303.463 -18.960
303.718 -2.960
303.974 -17.960
304.229 -25.960
304.485 -6.960
304.740 -7.960
304.996 -9.960
305.251 -33.960
305.506 -25.960
305.762 -24.960
306.017 -41.960
306.273 -47.960
306.528 -25.960
306.784 40.041
307.039 15.041
307.295 10.041
307.550 21.041
307.806 -9.959
308.061 10.041
308.316 -2.959
308.572 1.041
308.827 8.041
309.083 15.041
309.338 -0.959
309.594 18.041
309.849 52.041
310.105 44.041
310.360 17.041
310.615 -11.959
310.871 -3.959
311.126 -5.959
311.382 -1.959
311.637 37.041
311.893 37.041
312.148 35.041
312.404 74.041
312.659 48.041
312.915 -15.959
313.170 -32.959
313.433 2.041
313.696 -5.959
313.959 -6.959
314.221 10.041
314.484 2.041
314.747 13.041
315.010 2.041
315.273 9.041
315.536 8.041
315.799 -41.959
316.062 -30.959
316.324 -36.959
316.587 -12.959
316.850 0.042
317.113 -16.958
317.376 0.042
317.639 -2.958
317.902 -13.958
318.164 -24.958
318.427 -14.958
318.690 -39.958
318.953 -25.958
319.216 32.042
319.479 27.042
319.742 29.042
320.004 26.042
320.267 5.042
320.530 3.042
320.793 22.042
321.056 -10.958
321.319 -17.958
321.582 18.042
321.845 4.042
322.107 28.042
322.370 22.042
322.633 -2.958
322.896 9.042
323.159 -2.958
323.422 1.042
323.685 24.042
323.947 -7.958
324.210 6.042
324.473 -31.958
324.736 -22.958
324.999 2.042
325.262 16.042
325.525 19.042
325.787 -8.958
326.050 -15.958
326.313 -18.958
326.576 -5.958
326.839 9.043
327.102 -11.957
327.365 6.043
327.628 -4.957
327.890 -29.957
328.153 -23.957
328.416 1.043
328.679 19.043
328.942 -1.957
329.205 -17.957
329.468 -7.957
329.730 38.043
329.993 43.043
330.256 4.043
330.519 -25.957
330.782 -28.957
331.045 -15.957
331.308 9.043
331.570 -4.957
331.833 6.043
332.096 22.043
332.359 -0.957
332.622 11.043
332.885 0.043
333.148 40.043
333.411 80.043
333.673 15.043
333.936 -17.957
334.199 -32.957
334.462 7.043
334.725 26.043
334.988 3.043
335.251 31.043
335.513 35.043
335.776 -2.957
336.039 -16.957
336.302 -9.956
336.565 -1.956
336.828 10.044
337.091 31.044
337.354 29.044
337.616 21.044
337.879 0.044
338.142 13.044
338.405 29.044
338.668 16.044
338.931 55.044
339.194 19.044
339.456 -8.956
339.719 -15.956
339.982 6.044
340.245 1.044
340.508 1.044
340.771 8.044
341.034 11.044
341.296 18.044
341.559 8.044
341.822 1.044
342.085 22.044
342.348 5.044
342.611 -1.956
342.874 -0.956
343.137 11.044
343.399 9.044
343.662 7.044
343.925 -8.956
344.188 15.044
344.451 15.044
344.714 23.044
344.977 63.044
345.239 79.044
345.502 38.045
345.765 56.045
346.028 65.045
346.291 51.045
346.554 42.045
346.817 63.045
347.080 81.045
347.342 102.045
347.605 71.045
347.868 45.045
348.131 73.045
348.394 26.045
348.657 30.045
348.920 41.045
349.182 18.045
349.445 35.045
349.708 53.045
349.971 79.045
350.234 56.045
350.497 62.045
350.760 63.045
351.022 54.045
351.285 91.045
351.548 66.045
351.811 90.045
352.074 108.045
352.337 65.045
352.600 41.045
352.863 47.045
353.125 69.045
353.388 48.045
353.651 68.045
353.914 70.045
354.177 93.045
354.440 92.046
354.703 70.046
354.965 85.046
355.228 99.046
355.491 87.046
355.754 105.046
356.017 109.046
356.280 86.046
356.543 78.046
356.805 109.046
357.068 96.046
357.331 116.046
357.594 122.046
357.857 93.046
358.120 98.046
358.383 63.046
358.646 84.046
358.908 86.046
359.171 44.046
359.434 72.046
359.697 123.046
359.960 123.046
360.223 84.046
360.486 48.046
360.748 68.046
361.011 93.046
361.274 103.046
361.537 63.046
361.800 93.046
362.063 83.046
362.326 87.046
362.588 98.046
362.851 115.046
363.114 109.047
363.377 137.047
363.640 151.047
363.903 88.047
364.166 88.047
364.429 96.047
364.691 83.047
364.954 92.047
365.217 112.047
365.480 101.047
365.745 69.047
366.009 93.047
366.274 89.047
366.539 84.047
366.804 88.047
367.068 67.047
367.333 84.047
367.598 90.047
367.863 88.047
368.127 85.047
368.392 55.047
368.657 79.047
368.921 117.047
369.186 113.047
369.451 81.047
369.716 23.047
369.980 94.047
370.245 119.047
370.510 94.047
370.775 82.047
371.039 81.047
371.304 71.047
371.569 88.048
371.834 94.048
372.098 55.048
372.363 67.048
372.628 99.048
372.892 83.048
373.157 44.048
373.422 74.048
373.687 92.048
373.951 59.048
374.216 80.048
374.481 79.048
374.746 76.048
375.010 78.048
375.275 102.048
375.540 81.048
375.804 87.048
376.069 106.048
376.334 101.048
376.599 111.048
376.863 133.048
377.128 98.048
377.393 64.048
377.658 99.048
377.922 109.048
378.187 78.048
378.452 92.048
378.716 100.048
378.981 55.048
379.246 49.048
379.511 72.048
379.775 110.049
380.040 91.049
380.305 63.049
380.570 87.049
380.834 92.049
381.099 66.049
381.364 103.049
381.629 93.049
381.893 65.049
382.158 89.049
382.423 109.049
382.687 125.049
382.952 134.049
383.217 117.049
383.482 99.049
383.746 89.049
384.011 108.049
384.276 63.049
384.541 32.049
384.805 67.049
385.070 92.049
385.335 103.049
385.599 111.049
385.864 123.049
386.129 110.049
386.394 101.049
386.658 111.049
386.923 95.049
387.188 119.049
387.453 165.049
387.717 120.050
387.982 122.050
388.247 138.050
388.511 97.050
388.776 98.050
389.041 151.050
389.306 134.050
389.570 83.050
389.835 76.050
390.100 100.050
390.365 98.050
390.629 95.050
390.894 111.050
391.159 134.050
391.424 148.050
391.688 122.050
391.953 119.050
392.218 94.050
392.482 84.050
392.747 82.050
393.012 107.050
393.277 159.050
393.541 240.050
393.806 321.050
394.071 390.050
394.336 477.050
394.600 516.050
394.865 528.050
395.130 514.050
395.394 448.051
395.659 355.051
395.924 279.051
396.189 247.051
396.453 216.051
396.718 181.051
396.983 151.051
397.248 151.051
397.512 132.051
397.777 91.051
398.042 106.051
398.306 126.051
398.571 110.051
398.836 119.051
399.101 109.051
399.365 82.051
399.630 104.051
399.895 86.051
400.160 41.051
400.424 101.051
400.689 135.051
400.954 127.051
401.219 119.051
401.483 112.051
401.748 118.051
402.013 125.051
402.277 112.051
402.542 123.051
402.807 223.051
403.072 320.052
403.336 422.052
403.601 494.052
403.866 509.052
404.131 580.052
404.395 613.052
404.660 586.052
404.931 522.052
405.202 454.052
405.473 375.052
405.745 323.052
406.016 283.052
406.287 203.052
406.558 157.052
406.829 136.052
407.100 130.052
407.371 137.052
407.642 105.052
407.914 96.052
408.185 131.052
408.456 134.052
408.727 122.052
408.998 104.052
409.269 139.052
409.540 128.052
409.811 113.052
410.083 147.052
410.354 150.053
410.625 133.053
410.896 122.053
411.167 160.053
411.438 147.053
411.709 141.053
411.981 158.053
412.252 144.053
412.523 123.053
412.794 128.053
413.065 128.053
413.336 103.053
413.607 132.053
413.878 239.053
414.150 426.053
414.421 725.053
414.692 1095.053
414.963 1437.053
415.234 1729.053
415.505 1949.053
415.776 2118.053
416.047 2047.053
416.319 1855.053
416.590 1564.053
416.861 1349.053
417.132 1205.053
417.403 1107.053
417.674 1137.054
417.945 1275.054
418.217 1554.054
418.488 1982.054
418.759 2469.054
419.030 2910.054
419.301 3218.054
419.572 3355.054
419.843 3452.054
420.114 3225.054
420.386 2805.054
420.657 2303.054
420.928 1799.054
421.199 1344.054
421.470 1004.054
421.741 710.054
422.012 479.054
422.283 407.054
422.555 322.054
422.826 234.054
423.097 209.054
423.368 181.054
423.639 193.054
423.910 255.054
424.181 390.054
424.453 583.054
424.724 778.055
424.995 1007.055
425.266 1188.055
425.537 1424.055
425.808 1652.055
426.079 1735.055
426.350 1766.055
426.622 1679.055
426.893 1573.055
427.164 1419.055
427.435 1177.055
427.706 985.055
427.977 810.055
428.248 713.055
428.519 637.055
428.791 642.055
429.062 630.055
429.333 627.055
429.604 716.055
429.875 694.055
430.146 667.055
430.417 595.055
430.689 508.055
430.960 430.055
431.231 330.055
431.502 321.056
431.773 407.056
432.044 538.056
432.315 669.056
432.586 837.056
432.858 1062.056
433.129 1250.056
433.400 1268.056
433.671 1176.056
433.942 1089.056
434.213 943.056
434.484 863.056
434.755 821.056
435.027 735.056
435.298 690.056
435.569 623.056
435.840 507.056
436.118 443.056
436.395 431.056
436.673 357.056
436.951 249.056
437.228 228.056
437.506 249.056
437.784 242.056
438.061 149.056
438.339 130.057
438.617 144.057
438.894 128.057
439.172 89.057
439.450 107.057
439.727 100.057
440.005 123.057
440.283 134.057
440.560 120.057
440.838 112.057
441.115 123.057
441.393 141.057
441.671 143.057
441.948 141.057
442.226 96.057
442.504 104.057
442.781 158.057
443.059 151.057
443.337 164.057
443.614 139.057
443.892 169.057
444.170 147.057
444.447 128.057
444.725 113.057
445.003 117.058
445.280 173.058
445.558 150.058
445.836 125.058
446.113 128.058
446.391 124.058
446.669 108.058
446.946 114.058
447.224 150.058
447.502 125.058
447.779 138.058
448.057 127.058
448.335 135.058
448.612 120.058
448.890 119.058
449.168 125.058
449.445 147.058
449.723 205.058
450.001 224.058
450.278 265.058
450.556 355.058
450.834 417.058
451.111 428.058
451.389 452.059
451.666 423.059
451.944 407.059
452.222 393.059
452.499 383.059
452.777 301.059
453.055 274.059
453.332 250.059
453.610 192.059
453.888 204.059
454.165 218.059
454.443 146.059
454.721 111.724
454.998 123.565
455.276 112.497
455.554 104.433
455.831 129.155
456.109 149.860
456.387 139.801
456.664 161.605
456.942 165.405
457.220 153.524
457.497 157.329
457.775 126.666
458.053 90.069
458.330 114.797
458.608 133.590
458.886 135.568
459.163 174.144
459.441 184.035
459.719 187.003
459.996 151.544
460.274 176.297
460.552 182.238
460.829 133.855
461.107 113.043
461.384 152.837
461.662 145.045
461.940 118.233
462.217 161.094
462.495 179.164
462.773 187.125
463.050 205.239
463.328 180.519
463.606 178.525
463.883 140.779
464.161 125.935
464.439 136.061
464.716 158.061
464.994 117.178
465.272 111.283
465.549 113.401
465.827 88.326
466.105 82.390
466.382 87.498
466.660 112.624
466.938 124.810
467.215 103.683
467.493 104.689
467.771 117.768
468.048 124.936
468.326 132.992
468.604 93.717
468.881 74.583
469.159 118.774
469.437 208.311
469.714 211.329
469.992 234.468
470.270 248.553
470.547 249.559
470.825 253.583
471.102 219.378
471.380 191.209
471.658 174.106
471.935 174.107
472.213 153.831
472.491 163.881
472.768 173.757
473.046 137.474
473.324 75.288
473.601 117.297
473.879 117.179
474.157 82.144
474.434 101.062
474.712 119.942
474.990 146.769
475.267 148.765
475.545 146.623
475.823 132.532
476.100 98.570
476.378 97.478
476.656 110.291
476.933 140.935
477.211 162.599
477.489 144.617
477.766 145.463
478.044 137.414
478.322 92.856
478.599 83.889
478.877 120.259
479.155 83.724
479.432 61.086
479.710 105.274
479.988 108.117
480.265 106.048
480.543 106.925
480.820 147.956
481.098 145.855
481.376 112.477
481.653 120.297
481.931 99.671
482.209 99.574
482.486 110.306
482.764 124.818
483.042 108.144
483.319 133.460
483.597 161.698
483.875 170.296
484.152 145.977
484.430 135.276
484.708 121.658
484.985 87.611
485.263 61.346
485.541 136.382
485.818 146.950
486.096 123.724
486.374 145.145
486.651 188.962
486.929 168.515
487.207 152.110
487.484 161.856
487.762 168.844
488.040 183.478
488.317 223.696
488.595 201.432
488.873 192.634
489.150 178.146
489.428 147.958
489.706 129.349
489.983 145.162
490.261 151.192
490.539 132.677
490.816 152.473
491.094 189.838
491.371 168.371
491.649 160.656
491.927 128.270
492.204 128.270
492.482 128.396
492.760 160.973
493.037 164.096
493.315 143.487
493.593 147.444
493.870 139.669
494.148 144.620
494.426 156.656
494.703 144.763
494.981 169.708
495.259 165.740
495.536 126.058
495.814 123.204
496.092 123.204
496.369 150.016
496.647 137.243
496.925 131.279
497.202 130.285
497.480 117.362
497.758 103.549
498.035 130.414
498.313 150.315
498.591 102.656
498.868 117.596
499.146 96.680
499.424 86.720
499.701 126.687
499.979 126.687
500.257 114.609
500.534 116.601
500.812 118.593
501.089 116.601
501.367 120.585
501.645 137.517
501.922 114.609
502.200 126.435
502.478 127.430
502.755 108.525
503.033 101.560
503.311 108.417
503.588 137.108
503.866 125.191
504.144 141.932
504.421 140.801
504.699 149.572
504.977 153.381
505.254 171.016
505.532 142.079
505.810 133.072
506.087 144.752
506.365 152.476
506.643 117.945
506.920 120.774
507.198 128.498
507.476 138.032
507.753 124.212
508.031 122.137
508.309 98.603
508.586 84.862
508.864 101.333
509.142 119.717
509.419 118.629
509.697 129.193
509.975 159.136
510.252 175.454
510.530 156.075
510.808 141.403
511.085 132.562
511.363 186.721
511.640 203.162
511.918 162.543
512.196 172.214
512.473 198.326
512.751 185.934
513.029 156.892
513.306 129.912
513.584 166.896
513.862 177.565
514.139 170.941
514.417 163.333
514.695 174.023
514.972 197.539
515.250 220.127
515.528 192.076
515.805 191.101
516.083 242.020
516.361 263.740
516.638 207.100
516.916 177.977
517.194 180.909
517.471 171.134
517.749 181.087
518.027 210.441
518.304 237.838
518.582 236.860
518.860 177.173
519.137 193.807
519.415 180.910
519.693 168.202
519.970 182.865
520.248 182.865
520.526 174.874
520.803 173.898
521.081 129.952
521.358 127.874
521.636 126.899
521.914 119.953
522.191 158.939
522.469 153.916
522.747 110.964
523.024 120.692
523.302 165.279
523.580 179.681
523.857 154.439
524.135 107.732
524.413 130.041
524.690 167.705
524.968 169.643
525.246 132.822
525.523 110.428
525.801 144.310
526.079 148.182
526.356 122.045
526.634 111.396
526.912 70.670
527.189 64.867
527.467 79.374
527.745 95.815
528.022 92.914
528.300 110.215
528.578 89.925
528.855 80.264
529.133 70.602
529.411 58.951
529.688 107.213
529.966 79.221
530.244 96.596
530.521 74.395
530.799 54.125
531.077 99.492
531.354 75.360
531.632 88.874
531.909 113.005
532.187 101.422
532.465 107.214
532.742 90.805
533.020 65.708
533.298 82.038
533.575 94.575
533.853 115.790
534.131 137.137
534.408 153.398
534.686 144.719
534.964 124.469
535.241 114.826
535.519 109.040
535.797 93.611
536.074 87.825
536.352 102.290
536.630 117.605
536.907 115.679
537.185 109.898
537.463 128.080
537.740 115.568
538.018 108.830
538.296 123.149
538.573 121.226
538.851 130.716
539.129 121.110
539.406 124.832
539.684 182.239
539.962 176.486
540.239 189.727
540.517 182.065
540.795 193.559
541.072 243.134
541.350 266.803
541.627 284.967
541.905 317.169
542.183 360.759
542.460 361.714
542.738 375.668
543.016 367.691
543.293 361.025
543.571 355.924
543.849 366.390
544.126 381.251
544.404 392.285
544.682 365.695
544.959 366.296
545.237 419.427
545.515 400.073
545.792 334.670
546.070 322.989
546.356 324.576
546.642 277.272
546.928 231.642
547.214 213.683
547.500 223.869
547.786 255.030
548.072 252.903
548.358 239.695
548.644 245.356
548.930 249.837
549.216 286.865
549.502 256.677
549.788 231.205
550.074 241.583
550.360 217.259
550.646 204.039
550.932 179.658
551.218 171.313
551.504 188.521
551.790 158.368
552.076 125.430
552.362 127.451
552.648 165.631
552.934 150.694
553.220 129.970
553.506 138.831
553.793 134.303
554.079 131.680
554.365 154.070
554.651 175.582
554.937 169.158
555.223 168.518
555.509 206.672
555.795 230.174
556.081 230.397
556.367 186.847
556.653 168.529
556.939 132.502
557.225 126.783
557.511 135.687
557.797 142.516
558.083 144.609
558.369 143.632
558.655 151.593
558.941 147.683
559.227 117.380
559.513 169.023
559.799 195.390
560.085 180.919
560.371 179.941
560.657 199.687
560.943 192.838
561.229 177.356
561.515 158.902
561.801 159.883
562.087 114.897
562.373 83.576
562.659 136.621
562.945 115.010
563.231 125.940
563.517 127.906
563.803 126.064
564.089 94.568
564.375 109.439
564.661 145.050
564.947 164.774
565.233 133.348
565.519 107.788
565.805 124.586
566.091 142.514
566.377 102.949
566.663 107.895
566.949 93.058
567.235 108.884
567.521 124.833
567.807 99.091
568.093 98.198
568.379 73.421
568.665 115.161
568.951 124.089
569.237 119.129
569.524 94.421
569.810 128.058
570.096 124.090
570.382 107.225
570.668 72.503
570.954 60.538
571.240 73.422
571.526 131.896
571.812 103.154
572.098 84.408
572.384 80.439
572.670 95.320
572.956 109.209
573.242 97.305
573.528 94.235
573.814 96.217
574.100 86.221
574.386 68.399
574.672 132.625
574.958 157.353
575.244 135.592
575.530 167.244
575.816 184.059
576.102 205.820
576.388 199.885
576.674 132.625
576.960 116.799
577.252 145.484
577.543 127.554
577.835 157.198
578.127 175.799
578.418 158.860
578.710 151.957
579.002 163.630
579.293 152.793
579.585 141.955
579.877 123.236
580.168 136.895
580.460 186.107
580.752 179.041
581.043 190.841
581.335 182.795
581.627 182.616
581.918 166.750
582.210 148.957
582.502 185.994
582.793 196.565
583.085 243.486
583.376 350.670
583.668 575.694
583.960 877.157
584.251 1192.092
584.543 1520.552
584.835 1825.620
585.126 2078.954
585.418 2040.006
585.710 1846.388
586.001 1635.653
586.293 1466.556
586.585 1380.667
586.876 1416.589
587.168 1647.999
587.460 2104.837
587.751 2672.565
588.043 3195.821
588.335 3681.286
588.626 4079.542
588.918 4274.309
589.210 4188.069
589.501 3865.395
589.793 3434.193
590.085 3010.744
590.376 2601.443
590.668 2158.031
590.960 1769.465
591.251 1518.496
591.543 1432.675
591.835 1306.584
592.126 1196.982
592.418 1069.921
592.710 1039.853
593.001 1149.600
593.293 1446.688
593.585 1807.666
593.876 2175.013
594.168 2498.141
594.460 2721.605
594.751 2677.789
595.043 2425.038
595.334 2087.892
595.626 1789.355
595.918 1499.111
596.209 1266.949
596.501 1152.729
596.793 1115.547
597.084 1119.578
597.376 1176.558
597.668 1133.552
597.959 1038.399
598.251 987.306
598.543 887.994
598.834 741.230
599.126 625.705
599.418 520.799
599.709 456.160
600.001 454.635
600.293 412.552
600.584 344.303
600.876 356.525
601.168 348.304
601.459 323.824
601.751 376.830
602.043 478.222
602.334 600.091
602.626 813.836
602.918 968.187
603.209 1003.088
603.501 982.091
603.793 934.025
604.084 873.839
604.376 718.246
604.668 613.546
604.959 580.997
605.251 560.455
605.543 579.146
605.834 677.512
606.126 871.940
606.418 1124.336
606.709 1527.899
607.001 1942.401
607.292 2269.597
607.584 2406.788
607.876 2429.536
608.167 2527.533
608.459 2627.765
608.751 2855.492
609.042 3224.356
609.334 3655.197
609.626 3978.645
609.917 4096.210
610.209 3967.342
610.501 3618.948
610.792 3146.763
611.084 2664.367
611.376 2275.533
611.667 1993.924
611.959 1810.601
612.251 1702.159
612.542 1742.099
612.834 2065.113
613.126 2704.643
613.417 3570.935
613.709 4639.188
614.001 5722.665
614.292 6367.593
614.584 6501.133
614.876 6283.000
615.167 5729.632
615.459 5110.979
615.751 4450.876
616.042 4032.223
616.334 3810.657
616.626 3560.140
616.917 3275.176
617.209 3017.679
617.501 2765.595
617.792 2423.215
618.084 2056.800
618.376 1812.856
618.667 1617.776
618.959 1450.355
619.250 1203.992
619.542 1108.594
619.834 1016.441
620.125 842.955
620.417 863.642
620.709 982.822
621.000 1051.875
621.292 1148.021
621.584 1151.766
621.875 1227.920
622.167 1262.673
622.459 1071.383
622.750 900.899
623.042 764.097
623.334 680.736
623.625 568.256
623.917 468.816
624.209 452.029
624.500 417.505
624.792 422.033
625.084 490.235
625.375 756.747
625.667 1185.937
625.959 1693.613
626.250 2223.845
626.542 2634.768
626.834 2843.387
627.125 2804.402
627.417 2579.764
627.709 2114.466
628.000 1674.583
628.292 1365.688
628.584 1119.354
628.875 1011.839
629.167 1004.015
629.459 1060.822
629.750 1164.803
630.042 1343.909
630.334 1411.689
630.625 1477.974
630.917 1488.287
631.208 1345.266
631.500 1266.634
631.792 1086.067
632.083 1132.641
632.375 1585.248
632.667 2168.583
632.958 2832.441
633.250 3506.555
633.542 3899.603
633.833 3932.371
634.125 3643.171
634.417 3179.741
634.708 2653.101
635.000 2030.131
635.292 1651.404
635.583 1379.239
635.875 1242.070
636.167 1166.936
636.458 1103.724
636.750 1207.555
637.042 1604.941
637.333 2302.827
637.625 3106.271
637.917 3896.864
638.208 4577.611
638.500 4975.738
638.792 5631.844
639.083 7147.913
639.375 9301.433
639.667 11579.430
639.958 13785.746
640.250 15634.227
640.542 16319.365
640.833 15473.791
641.125 13521.801
641.417 11138.680
641.708 8846.898
642.000 7049.797
642.292 5891.299
642.583 5106.733
642.875 4592.240
643.166 4241.059
643.458 4013.537
643.750 3715.571
644.041 3396.606
644.333 3043.273
644.625 2732.415
644.916 2337.530
645.208 2043.984
645.500 1782.406
645.791 1535.132
646.083 1262.998
646.375 968.856
646.666 744.829
646.958 595.701
647.250 543.475
647.541 467.302
647.833 398.124
648.125 328.831
648.416 339.337
648.708 349.123
649.000 389.752
649.291 789.782
649.583 1712.724
649.875 2846.182
650.166 4063.809
650.458 5078.062
650.750 5749.622
651.041 5910.150
651.333 5493.894
651.625 4667.404
651.916 3794.583
652.208 3097.917
652.500 2831.381
652.791 2705.594
653.083 2676.850
653.375 2690.375
653.666 2670.856
653.958 2497.745
654.250 2239.273
654.541 1995.398
654.833 1690.600
655.124 1464.387
655.416 1283.936
655.708 1151.275
655.999 1014.186
656.291 921.229
656.583 863.013
656.874 734.374
657.166 603.858
657.458 510.900
657.749 410.431
658.041 385.441
658.333 404.238
658.624 585.629
658.916 875.926
659.208 1204.242
659.499 1550.009
659.791 1823.855
660.083 1884.175
660.374 1836.896
660.666 1652.606
660.958 1321.465
661.249 1057.815
661.541 817.340
661.833 738.741
662.124 653.186
662.416 555.134
662.708 510.077
662.999 510.562
663.291 468.231
663.583 425.820
663.874 421.460
664.166 435.221
664.458 377.015
664.749 397.432
665.041 363.396
665.333 315.897
665.624 285.548
665.916 265.433
666.208 369.235
666.499 701.643
666.791 1233.538
667.082 1794.339
667.374 2394.339
667.666 2939.473
667.957 3169.666
668.249 3058.933
668.541 2732.993
668.832 2224.048
669.124 1714.119
669.416 1346.004
669.707 1157.750
669.999 1074.578
670.291 1102.724
670.582 1353.793
670.874 1627.049
671.166 1954.524
671.457 2174.699
671.749 2368.072
672.041 2333.121
672.332 2080.694
672.624 1730.918
672.916 1419.937
673.207 1159.490
673.499 997.194
673.791 901.863
674.082 861.007
674.374 852.109
674.666 832.635
674.957 840.424
675.249 843.346
675.541 856.004
675.832 793.687
676.124 748.896
676.416 727.475
676.707 609.656
676.999 450.941
677.291 411.019
677.582 394.466
677.874 334.422
678.166 274.968
678.457 251.576
678.749 264.247
679.040 282.766
679.332 246.703
679.624 244.754
679.915 263.273
680.207 231.858
680.499 201.673
680.790 163.698
681.082 154.935
681.374 154.785
681.665 176.185
681.957 138.248
682.249 180.077
682.540 197.587
682.832 147.976
683.124 101.185
683.415 101.185
683.707 131.311
683.999 157.551
684.290 187.677
684.582 168.241
684.874 137.143
685.165 150.748
685.457 175.845
685.749 238.952
686.040 294.292
686.332 346.719
686.624 396.819
686.915 448.226
687.207 440.467
687.499 423.008
687.790 385.181
688.082 378.391
688.374 346.384
688.665 293.038
688.957 278.489
689.249 303.707
689.540 294.008
689.832 243.571
690.124 219.323
690.415 221.263
690.707 266.850
690.998 360.934
691.290 529.702
691.582 860.314
691.873 1266.139
692.165 1729.246
692.457 2135.071
692.748 2320.508
693.040 2333.453
693.332 2146.865
693.623 1767.856
693.915 1451.044
694.207 1257.652
694.498 1224.829
694.790 1669.382
695.082 2869.644
695.373 4386.684
695.665 5993.306
695.957 7446.081
696.248 8267.892
696.540 8213.364
696.839 7336.052
697.138 6047.834
697.437 4698.272
697.736 3619.772
698.035 2939.811
698.334 2492.340
698.633 2219.967
698.931 1988.450
699.230 1853.378
699.529 1766.887
699.828 1738.704
700.127 1604.594
700.426 1538.510
700.725 1511.797
701.024 1472.886
701.323 1587.673
701.622 2102.264
701.921 2895.937
702.220 3610.640
702.519 4447.057
702.818 5089.793
703.116 5254.511
703.415 4926.954
703.714 4221.805
704.013 3423.954
704.312 2753.792
704.611 2187.809
704.910 2216.369
705.209 3082.399
705.508 4296.895
705.807 5522.676
706.106 6780.304
706.405 7620.953
706.704 7843.939
707.003 7356.077
707.301 6269.548
707.600 5064.105
707.899 3961.743
708.198 3199.143
708.497 2720.050
708.796 2422.220
709.095 2235.075
709.394 2038.629
709.693 1839.063
709.992 1764.720
710.291 1671.742
710.590 1616.962
710.889 1440.170
711.188 1343.045
711.486 1270.964
711.785 1109.367
712.084 1020.986
712.383 947.448
712.682 895.758
712.981 841.923
713.280 830.978
713.579 882.603
713.878 1003.121
714.177 1095.846
714.476 1095.846
714.775 1076.980
715.074 926.208
715.372 811.323
715.671 723.134
715.970 659.134
716.269 638.773
716.568 667.470
716.867 688.512
717.166 674.157
717.465 642.061
717.764 590.497
718.063 497.623
718.362 459.433
718.661 378.406
718.960 374.759
719.259 373.121
719.558 324.734
719.856 356.343
720.155 362.398
720.454 338.522
720.753 338.864
721.052 353.020
721.351 298.722
721.650 248.115
721.949 262.285
722.248 266.603
722.547 301.051
722.846 348.671
723.145 545.779
723.444 755.718
723.742 1011.296
724.041 1297.301
724.340 1454.502
724.639 1431.613
724.938 1363.593
725.237 1154.456
725.536 985.928
725.835 976.791
726.134 1177.626
726.433 1521.440
726.732 1823.671
727.031 1970.730
727.330 1954.503
727.629 1833.814
727.928 1633.002
728.226 1358.155
728.525 1101.460
728.824 968.734
729.123 880.589
729.422 731.653
729.721 664.111
730.020 659.050
730.319 636.783
730.618 611.872
730.917 632.095
731.216 572.439
731.515 524.386
731.814 467.821
732.112 420.346
732.411 427.995
732.710 403.777
733.009 344.241
733.308 340.870
733.607 314.661
733.906 330.457
734.205 324.415
734.504 334.149
734.803 299.944
735.102 309.693
735.401 359.944
735.700 359.944
735.999 394.724
736.298 529.262
736.596 1105.462
736.895 2578.882
737.194 4581.891
737.493 6845.683
737.792 9043.276
738.091 10309.765
738.390 10655.457
738.689 9992.131
738.988 8428.575
739.287 6606.753
739.586 4861.008
739.885 3719.867
740.184 3143.147
740.482 2757.147
740.781 2478.147
741.080 2328.819
741.379 2142.006
741.678 2014.134
741.977 1976.172
742.276 1955.238
742.575 1994.160
742.874 2006.136
743.173 2007.135
743.472 1955.283
743.771 1883.499
744.070 1697.058
744.369 1463.758
744.668 1283.300
744.966 1125.773
745.265 934.347
745.564 796.760
745.863 692.074
746.162 557.478
746.461 469.742
746.760 390.978
747.059 378.017
747.358 368.047
747.657 399.952
747.956 433.850
748.255 591.378
748.554 1129.763
748.852 2516.602
749.151 4561.468
749.450 6891.478
749.749 9851.598
750.048 12972.264
750.347 15492.184
750.646 16975.252
750.945 17234.217
751.244 16569.874
751.543 14906.528
751.842 12517.086
752.141 10188.401
752.440 7996.166
752.739 6347.113
753.038 5470.742
753.336 4889.486
753.635 4543.524
753.934 4186.782
754.233 3895.365
754.532 3660.834
754.831 3574.008
755.130 3540.615
755.429 3435.720
755.728 3248.907
756.027 3057.157
756.326 2773.157
756.625 2559.157
756.924 2303.157
757.222 2000.157
757.521 1795.953
757.820 1602.760
758.119 1337.833
758.418 1101.361
758.717 958.074
759.016 758.434
759.315 651.766
759.614 581.485
759.913 479.557
760.212 409.617
760.511 404.587
760.810 434.199
761.109 564.677
761.408 1347.285
761.706 4105.212
762.005 9341.576
762.304 15756.482
762.603 22478.908
762.902 28255.482
763.201 31259.798
763.500 30850.925
763.806 27055.042
764.112 21458.964
764.418 15969.584
764.724 11932.818
765.030 9688.623
765.336 8324.297
765.641 7358.406
765.947 6671.962
766.253 6100.783
766.559 5750.168
766.865 5538.788
767.171 5383.038
767.477 5381.368
767.783 5374.911
768.089 5241.872
768.395 4921.169
768.701 4481.961
769.007 4120.088
769.313 3836.118
769.618 3546.770
769.924 3240.467
770.230 2965.474
770.536 3138.069
770.842 4183.719
771.148 5892.467
771.454 7886.011
771.760 9658.377
772.066 10724.753
772.372 10757.335
772.678 9818.841
772.984 8217.569
773.290 6337.399
773.595 4730.825
773.901 3749.913
774.207 3176.212
774.513 2772.424
774.819 2466.280
775.125 2257.322
775.431 2113.406
775.737 1964.238
776.043 1911.384
776.349 1894.583
776.655 1776.550
776.961 1832.634
777.267 1706.495
777.572 1569.054
777.878 1474.969
778.184 1401.019
778.490 1313.597
778.796 1169.813
779.102 1031.560
779.408 911.360
779.714 857.173
780.020 698.824
780.326 596.013
780.632 476.766
780.938 410.783
781.244 395.818
781.549 303.084
781.855 324.532
782.161 286.929
782.467 217.122
782.773 241.666
783.079 234.200
783.385 170.108
783.691 149.357
783.997 151.259
784.303 150.077
784.609 143.770
784.915 167.188
785.221 150.641
785.527 131.059
785.832 140.996
786.138 88.865
786.444 109.141
786.750 162.947
787.056 144.489
787.362 114.901
787.668 161.438
787.974 193.696
788.280 159.937
788.586 146.645
788.892 204.015
789.198 222.962
789.504 216.696
789.809 159.134
790.115 141.889
790.421 167.851
790.727 153.487
791.033 113.407
791.339 116.297
791.645 130.181
791.951 154.027
792.257 201.777
792.563 239.463
792.869 339.822
793.175 944.459
793.481 2414.694
793.786 4264.332
794.092 6199.586
794.398 8023.967
794.704 9109.092
795.010 9154.484
795.316 8189.103
795.622 6704.727
795.928 5093.962
796.234 3800.774
796.540 3005.113
796.846 2554.423
797.152 2313.482
797.458 2136.993
797.763 2027.714
798.069 1842.029
798.375 1711.664
798.681 1779.594
798.987 1982.535
799.293 2630.937
799.599 3618.578
799.905 5138.990
800.211 7471.346
800.517 10011.902
800.823 12112.488
801.129 13432.378
801.435 13610.915
801.740 12833.517
802.046 10959.288
802.352 8800.767
802.658 6819.426
802.964 5191.632
803.270 4405.432
803.576 3891.446
803.882 3373.608
804.188 3099.991
804.494 2920.727
804.800 2735.906
805.106 2642.005
805.412 2513.725
805.717 2368.301
806.023 2353.808
806.329 2331.586
806.635 2254.047
806.941 2187.444
807.247 2070.649
807.553 1970.292
807.859 1850.717
808.165 1710.891
808.471 1748.499
808.777 2416.372
809.083 4012.711
809.389 6343.155
809.694 9512.218
810.000 15071.410
810.306 23370.737
810.612 32513.181
810.918 40733.586
811.224 46465.059
811.530 48234.068
811.839 46423.673
812.148 40826.946
812.457 32863.520
812.766 24873.145
813.076 18974.204
813.385 15762.462
813.694 13816.360
814.003 12614.243
814.312 11550.720
814.621 10731.405
814.930 10020.423
815.239 9464.030
815.548 8941.369
815.858 8600.579
816.167 8535.907
816.476 8395.363
816.785 8201.355
817.094 8098.840
817.403 7767.862
817.712 7348.063
818.021 6724.033
818.330 6278.566
818.640 5806.022
818.949 5147.913
819.258 4503.116
819.567 3868.875
819.876 3139.439
820.185 2579.711
820.494 2096.879
820.803 1721.879
821.112 1427.375
821.422 1178.283
821.731 947.260
822.040 784.304
822.349 657.373
822.658 546.908
822.967 494.297
823.276 466.213
823.585 415.801
823.894 355.936
824.204 316.047
824.513 315.369
824.822 415.881
825.131 792.453
825.440 1550.456
825.749 2549.560
826.058 3510.189
826.367 4145.064
826.676 4445.655
826.986 4291.793
827.295 3688.275
827.604 2799.206
827.913 2062.586
828.222 1621.180
828.531 1432.100
828.840 1287.373
829.149 1184.612
829.458 1088.540
829.768 1002.248
830.077 963.557
830.386 903.377
830.695 865.386
831.004 852.979
831.313 836.285
831.622 841.245
831.931 833.725
832.240 799.604
832.550 781.890
832.859 737.064
833.168 709.633
833.477 706.959
833.786 639.228
834.095 527.252
834.404 498.142
834.713 467.380
835.022 455.817
835.332 359.014
835.641 303.163
835.950 288.791
836.259 282.038
836.568 285.794
836.877 285.342
837.186 276.130
837.495 287.309
837.804 330.382
838.114 348.107
838.423 290.214
838.732 285.188
839.041 349.969
839.350 633.678
839.659 1650.453
839.968 3393.787
840.277 5313.817
840.586 7228.102
840.895 8737.254
841.205 10274.646
841.514 12089.374
841.823 13669.449
842.132 14983.869
842.441 16244.228
842.750 16629.633
843.059 15806.841
843.368 13735.931
843.677 10909.642
843.987 8374.558
844.296 6820.451
844.605 5777.783
844.914 5263.352
845.223 4941.036
845.532 4496.336
845.841 4207.888
846.150 4020.527
846.459 3896.304
846.769 3782.819
847.078 3638.897
847.387 3557.209
847.696 3455.120
848.005 3288.108
848.314 3231.566
848.623 3208.359
848.932 3079.155
849.241 2806.083
849.551 2580.878
849.860 2427.503
850.169 2198.154
850.478 1974.240
850.787 1913.476
851.096 2206.021
851.405 2860.691
851.714 3625.738
852.023 4249.676
852.333 4507.678
852.642 4318.305
852.951 3814.832
853.260 3184.875
853.569 2450.556
853.878 1878.196
854.187 1573.398
854.496 1429.996
854.805 1231.986
855.115 1134.347
855.424 983.186
855.733 899.919
856.042 877.138
856.351 836.079
856.660 782.811
856.969 805.616
857.278 812.239
857.587 796.615
857.897 774.427
858.206 752.624
858.515 688.885
858.824 637.277
859.133 620.421
859.442 607.598
859.751 598.760
860.060 629.180
860.369 552.877
860.679 505.413
860.988 471.793
861.297 413.928
861.606 341.984
861.915 314.982
862.224 278.081
862.533 214.763
862.842 199.813
863.151 210.189
863.461 177.542
863.770 205.757
864.079 219.373
864.388 232.767
864.697 229.720
865.006 208.332
865.315 242.018
865.624 300.056
865.933 452.074
866.243 616.519
866.552 767.385
866.861 879.793
867.170 926.361
867.479 838.634
867.788 692.577
868.097 567.147
868.406 465.530
868.715 375.396
869.025 370.595
869.334 356.596
869.643 277.356
869.952 233.999
870.261 255.814
870.570 245.994
870.879 216.606
871.188 186.762
871.497 174.810
871.807 186.710
872.116 166.105
872.425 169.988
872.734 172.064
873.043 133.903
873.352 124.650
873.661 151.676
873.970 173.871
874.279 150.530
874.589 131.131
874.898 146.586
875.207 140.431
875.516 139.909
875.825 145.883
876.134 146.404
876.443 141.387
876.752 120.758
877.061 128.682
877.371 127.415
877.680 117.942
877.989 112.161
878.298 86.526
878.607 96.255
878.916 106.931
879.225 101.324
879.534 92.950
879.843 103.565
880.153 78.337
880.462 46.835
880.771 61.958
881.080 77.026
881.389 84.910
881.698 83.870
882.007 69.512
882.316 94.295
882.625 102.100
882.935 63.016
883.244 46.136
883.553 42.568
883.862 53.985
884.171 94.347
884.480 103.052
884.789 86.281
885.098 72.170
885.407 71.169
885.717 26.487
886.026 41.289
886.335 66.500
886.644 41.182
886.953 68.126
887.262 74.154
887.571 47.157
887.880 51.457
888.189 42.739
888.499 35.801
888.808 61.767
889.117 59.168
889.426 46.996
889.735 66.910
890.044 65.987
890.353 85.019
890.662 56.423
890.971 53.831
891.280 27.902
891.590 38.241
891.899 65.932
892.208 88.328
892.517 61.558
892.826 59.780
893.135 67.546
893.444 89.979
893.753 50.247
894.062 42.489
894.372 74.386
894.681 51.110
894.990 22.662
895.299 50.249
895.608 53.697
895.917 53.744
896.226 53.745
896.535 65.824
896.844 51.157
897.154 38.215
897.463 35.627
897.772 54.609
898.081 70.201
898.390 52.976
898.699 40.876
899.008 46.967
899.317 73.848
899.626 104.242
899.936 85.178
900.245 49.693
900.554 38.452
900.863 36.748
901.172 31.563
901.481 18.520
901.790 48.169
902.099 80.470
902.408 63.961
902.718 55.332
903.027 39.633
903.336 30.035
903.645 62.490
903.954 43.285
904.263 49.518
904.572 63.703
904.881 52.249
905.190 57.587
905.500 38.254
905.809 64.871
906.118 79.101
906.427 42.862
906.736 30.494
907.045 61.715
907.354 87.696
907.663 78.023
907.972 49.559
908.282 19.128
908.591 56.033
908.900 86.765
909.209 65.261
909.518 24.715
909.827 41.042
910.136 99.284
910.445 271.439
910.754 911.862
911.064 2243.208
911.373 3948.136
911.682 5678.564
911.991 7172.006
912.300 7800.474
912.615 7557.486
912.929 6447.101
913.244 4995.659
913.558 3755.169
913.873 2901.599
914.188 2514.289
914.502 2272.260
914.817 2063.969
915.131 1831.444
915.446 1666.654
915.760 1585.047
916.075 1467.284
916.390 1369.273
916.704 1328.267
917.019 1316.545
917.333 1265.769
917.648 1301.548
917.963 1295.438
918.277 1257.016
918.592 1256.304
918.906 1223.175
919.221 1168.745
919.536 1162.321
919.850 1120.123
920.165 1037.103
920.479 997.408
920.794 1062.516
921.108 1206.747
921.423 1443.249
921.738 1727.329
922.052 1968.952
922.367 2048.459
922.681 1967.846
922.996 1767.586
923.311 1461.792
923.625 1177.558
923.940 894.286
924.254 722.279
924.569 639.498
924.884 568.493
925.198 490.864
925.513 425.486
925.827 416.337
926.142 414.338
926.456 363.339
926.771 320.339
927.086 324.340
927.400 328.340
927.715 321.341
928.029 312.341
928.344 287.342
928.659 271.342
928.973 306.343
929.288 309.344
929.602 297.344
929.917 297.345
930.232 262.345
930.546 225.346
930.861 201.346
931.175 213.347
931.490 217.348
931.804 166.348
932.119 183.349
932.434 162.349
932.748 98.350
933.063 123.351
933.377 154.351
933.692 137.352
934.007 87.352
934.321 86.353
934.636 120.353
934.950 204.354
935.265 249.355
935.580 221.355
935.894 183.356
936.209 176.356
936.523 136.357
936.838 106.358
937.152 110.358
937.467 102.359
937.782 79.359
938.096 118.360
938.411 152.361
938.725 131.361
939.040 91.362
939.355 74.363
939.669 63.363
939.984 71.364
940.298 99.364
940.613 98.365
940.928 89.366
941.242 69.366
941.557 90.367
941.871 84.368
942.186 83.368
942.500 59.369
942.815 54.369
943.130 42.370
943.444 28.371
943.759 58.371
944.073 79.372
944.388 75.373
944.703 77.373
945.017 48.374
945.332 21.374
945.646 44.375
945.961 76.376
946.276 74.376
946.590 71.377
946.905 49.378
947.219 53.378
947.534 56.379
947.848 35.380
948.163 51.380
948.478 78.381
948.792 81.382
949.107 48.382
949.421 27.383
949.736 5.384
950.051 26.384
950.365 11.385
950.680 21.386
950.994 76.386
951.309 43.387
951.624 34.388
951.938 22.388
952.253 53.389
952.567 63.390
952.882 8.390
953.196 40.391
953.511 37.392
953.826 31.392
954.140 32.393
954.455 20.394
954.769 -1.606
955.084 11.395
955.399 11.396
955.713 7.397
956.028 15.397
956.342 40.398
956.657 52.399
956.972 16.399
957.286 33.400
957.601 50.401
957.915 21.401
958.230 -1.598
958.544 -11.597
958.859 -24.596
959.174 -42.596
959.488 7.405
959.803 31.406
960.117 34.406
960.432 41.407
960.747 5.408
961.061 -3.591
961.376 25.409
961.690 20.410
962.005 23.411
962.320 28.412
962.634 34.412
962.949 35.413
963.263 48.414
963.578 86.414
963.892 81.415
964.207 147.416
964.522 277.417
964.836 482.417
965.151 711.418
965.465 873.419
965.780 922.420
966.101 931.420
966.421 802.421
966.742 622.422
967.063 500.423
967.384 375.423
967.704 305.424
968.025 271.425
968.346 258.426
968.666 272.427
968.987 264.427
969.308 243.428
969.629 205.429
969.949 209.430
970.270 164.430
970.591 144.431
970.911 138.432
971.232 179.433
971.553 231.434
971.874 148.434
972.194 141.435
972.515 193.436
972.836 168.437
973.156 137.438
973.477 122.438
973.798 141.439
974.118 134.440
974.439 80.441
974.760 93.442
975.081 130.442
975.401 115.443
975.722 111.444
976.043 85.445
976.363 82.446
976.684 103.446
977.005 89.447
977.326 119.448
977.646 173.449
977.967 205.450
978.288 232.450
978.608 245.451
978.929 170.452
979.250 159.453
979.571 154.454
979.891 110.455
980.212 114.456
980.533 124.456
980.853 58.457
981.174 47.458
981.495 77.459
981.816 76.460
982.136 75.461
982.457 50.461
982.778 62.462
983.098 24.463
983.419 10.464
983.740 10.465
984.061 32.466
984.381 86.467
984.702 72.467
985.023 42.468
985.343 55.469
985.664 34.470
985.985 18.471
986.305 29.472
986.626 54.473
986.947 47.474
987.268 58.475
987.588 21.475
987.909 -13.524
988.230 9.477
988.550 21.478
988.871 0.479
989.192 -26.520
989.513 -33.519
989.833 -16.518
990.154 -2.517
990.475 -3.516
990.795 22.484
991.116 22.485
991.437 -2.514
991.758 15.487
992.078 -14.512
992.399 9.489
992.720 -6.510
993.040 -33.509
993.361 16.492
993.682 38.493
994.003 -9.506
994.323 0.495
994.644 7.496
994.965 8.496
995.285 18.497
995.606 -7.502
995.927 5.499
996.248 8.500
996.568 -4.499
996.889 24.502
997.210 -1.497
997.530 6.504
997.851 7.505
998.172 9.506
998.492 17.507
998.813 -0.492
999.134 6.509
999.455 36.510
999.775 20.511
1000.096 3.512
1000.417 20.513
1000.737 -19.486
1001.058 -28.485
1001.379 -26.484
1001.700 -34.483
1002.020 1.518
1002.341 15.519
1002.662 46.520
1002.982 44.521
1003.303 22.522
1003.624 33.523
1003.945 21.524
1004.265 19.525
1004.586 31.526
1004.907 38.527
1005.227 48.528
1005.548 79.529
1005.869 58.530
1006.190 67.531
1006.510 31.532
1006.831 21.533
1007.152 6.534
1007.472 -0.465
1007.793 30.536
1008.114 22.537
1008.435 3.538
1008.755 31.539
1009.076 60.540
1009.397 23.541
1009.717 31.543
1010.038 41.544
1010.359 49.545
1010.679 60.546
1011.000 61.547
1011.321 58.548
1011.642 29.549
1011.962 31.550
1012.283 27.551
1012.604 32.552
1012.924 42.553
1013.245 67.554
1013.566 58.555
1013.887 49.557
1014.207 45.558
1014.528 39.559
1014.849 60.560
1015.169 50.561
1015.490 83.562
1015.811 78.563
1016.132 77.564
1016.452 25.565
1016.773 61.567
1017.094 85.568
1017.414 43.569
1017.735 41.570
1018.056 61.571
1018.377 60.572
1018.697 39.573
1019.018 43.575
1019.339 54.576
1019.659 72.577
1019.980 112.578
1020.301 46.579
1020.622 54.580
1020.942 60.581
1021.263 48.583
1021.584 62.584
1021.904 69.585
1022.225 84.586
1022.546 70.587
1022.867 50.588
1023.187 39.590
1023.508 57.591
1023.829 92.592
1024.149 93.593
1024.470 74.594
1024.791 71.596
1025.111 59.597
1025.432 45.598
1025.753 37.599
1026.074 64.600
1026.394 66.602
1026.715 54.603
1027.036 30.604
1027.356 56.605
1027.677 77.606
1027.998 103.608
1028.319 96.609
1028.639 85.610
1028.960 44.611
1029.281 59.613
1029.601 84.614
1029.922 67.615
1030.243 59.616
1030.564 91.618
1030.884 96.619
1031.205 79.620
1031.526 83.621
1031.846 46.623
1032.167 64.624
1032.488 97.625
1032.809 84.627
1033.129 77.628
1033.450 95.629
1033.771 123.630
1034.091 111.632
1034.412 99.633
1034.733 76.634
1035.054 78.636
1035.374 37.637
1035.695 58.638
1036.016 68.639
1036.336 76.641
1036.657 113.642
1036.978 87.643
1037.298 92.645
1037.619 111.646
1037.940 139.647
1038.261 102.649
1038.581 101.650
1038.902 97.651
1039.223 86.653
1039.543 95.654
1039.864 101.655
1040.185 83.657
1040.506 64.658
1040.826 63.660
1041.147 55.661
1041.468 55.662
1041.788 84.664
1042.109 114.665
1042.430 53.666
1042.751 59.668
1043.071 111.669
1043.392 87.671
1043.713 113.672
1044.033 145.673
1044.354 109.675
1044.675 97.676
1044.996 31.678
1045.316 28.679
1045.637 59.680
1045.958 116.682
1046.278 126.683
1046.599 106.685
1046.920 112.686
1047.241 127.688
1047.561 113.689
1047.882 130.690
1048.203 108.692
1048.523 94.693
1048.844 118.695
1049.165 124.696
1049.485 97.698
1049.806 76.699
1050.127 88.701
1050.448 58.702
1050.768 80.704
1051.089 110.705
1051.410 120.707
1051.730 115.708
1052.051 84.710
1052.372 77.711
1052.693 95.713
1053.013 88.714
1053.334 97.716
1053.655 119.717
1053.975 107.719
1054.296 120.720
1054.617 106.722
1054.938 79.723
1055.258 76.725
1055.579 67.726
1055.900 97.728
1056.220 73.729
1056.541 80.731
1056.862 80.732
1057.183 94.734
1057.503 83.735
1057.824 59.737
1058.145 54.739
1058.465 69.740
1058.786 107.742
1059.107 81.743
1059.428 72.745
1059.748 86.747
1060.069 41.748
1060.390 47.750
1060.710 89.751
1061.031 73.753
1061.352 58.755
1061.672 89.756
1061.993 83.758
1062.314 37.759
1062.635 63.761
1062.955 80.763
1063.276 85.764
1063.597 120.766
1063.917 89.768
1064.238 78.769
1064.559 101.771
1064.880 124.772
1065.200 116.774
1065.521 89.776
1065.842 69.777
1066.162 54.779
1066.483 91.781
1066.804 117.782
1067.125 123.784
1067.445 106.786
1067.766 110.788
1068.087 147.789
1068.407 119.791
1068.728 110.793
1069.049 80.794
1069.370 104.796
1069.690 157.798
1070.011 88.799
1070.332 66.801
1070.652 100.803
1070.973 114.805
1071.294 142.806
1071.615 97.808
1071.935 30.810
1072.256 60.812
1072.577 68.813
1072.897 103.815
1073.218 111.817
1073.539 84.819
1073.859 88.820
1074.180 76.822
1074.501 64.824
1074.822 91.826
1075.142 112.828
1075.463 111.829
1075.784 74.831
1076.104 108.833
1076.425 112.835
1076.746 109.837
1077.067 91.838
1077.387 80.840
1077.708 95.842
1078.029 107.844
1078.349 78.846
1078.670 52.848
1078.991 68.849
1079.312 99.851
1079.632 80.853
1079.953 88.855
1080.274 117.857
1080.594 109.859
1080.915 91.861
1081.236 55.863
1081.557 40.864
1081.877 96.866
1082.198 97.868
1082.519 123.870
1082.839 102.872
1083.160 108.874
1083.481 116.876
1083.802 110.878
1084.122 123.880
1084.443 104.882
1084.764 89.883
1085.084 87.885
1085.405 111.887
1085.726 134.889
1086.046 129.891
1086.367 99.893
1086.688 74.895
1087.009 80.897
1087.329 97.899
1087.650 105.901
1087.971 121.903
1088.291 115.905
1088.612 88.907
1088.933 116.909
1089.254 103.911
1089.574 77.913
1089.895 95.915
1090.216 128.917
1090.536 92.919
1090.857 99.921
1091.178 101.923
1091.499 86.925
1091.819 72.927
1092.140 119.929
1092.475 157.931
1092.810 111.933
1093.145 90.935
1093.480 87.937
1093.816 71.939
1094.151 63.941
1094.486 53.943
1094.821 59.946
1095.156 47.948
1095.491 67.950
1095.826 95.952
1096.161 131.954
1096.497 117.956
1096.832 80.958
1097.167 67.960
1097.502 102.962
1097.837 122.964
1098.172 126.967
1098.507 119.969
1098.842 84.971
1099.178 104.973
1099.513 83.975
1099.848 79.977
1100.183 76.979
1100.518 84.982
1100.853 112.984
1101.188 103.986
1101.523 68.988
1101.859 69.990
1102.194 86.992
1102.529 95.995
1102.864 104.997
1103.199 99.999
1103.534 94.001
1103.869 94.003
1104.204 96.006
1104.540 73.008
1104.875 68.010
1105.210 100.012
1105.545 129.015
1105.880 99.017
1106.215 115.019
1106.550 119.021
1106.885 131.023
1107.221 68.026
1107.556 69.028
1107.891 86.030
1108.226 100.033
1108.561 128.035
1108.896 113.037
1109.231 115.039
1109.566 130.042
1109.902 156.044
1110.237 137.046
1110.572 102.049
1110.907 76.051
1111.242 52.053
1111.577 75.055
1111.912 100.058
1112.247 93.060
1112.583 123.062
1112.918 166.065
1113.253 111.067
1113.588 85.069
1113.923 102.072
1114.258 76.074
1114.593 50.077
1114.928 100.079
1115.264 116.081
1115.599 120.084
1115.934 121.086
1116.269 148.088
1116.604 147.091
1116.939 97.093
1117.274 84.096
1117.609 87.098
1117.945 105.100
1118.280 129.103
1118.615 144.105
1118.950 105.108
1119.285 100.110
1119.620 124.112
1119.955 76.115
1120.290 82.117
1120.626 112.120
1120.961 97.122
1121.296 94.125
1121.631 113.127
1121.966 124.130
1122.301 99.132
1122.636 100.135
1122.971 124.137
1123.306 108.139
1123.642 68.142
1123.977 58.144
1124.312 88.147
1124.647 105.149
1124.982 119.152
1125.317 104.154
1125.652 86.157
1125.987 108.159
1126.323 88.162
1126.658 90.165
1126.993 114.167
1127.328 99.170
1127.663 113.172
1127.998 162.175
1128.333 109.177
1128.668 69.180
1129.004 102.182
1129.339 96.185
1129.674 70.187
1130.009 83.190
1130.344 84.193
1130.679 109.195
1131.014 116.198
1131.349 97.200
1131.685 92.203
1132.020 108.206
1132.355 104.208
1132.690 81.211
1133.025 86.213
1133.360 87.216
1133.695 123.219
1134.030 111.221
1134.366 121.224
1134.701 145.226
1135.036 143.229
1135.371 135.232
1135.706 113.234
1136.041 92.237
1136.376 92.240
1136.711 79.242
1137.047 93.245
1137.382 85.248
1137.717 70.250
1138.052 64.253
1138.387 91.256
1138.722 123.258
1139.057 105.261
1139.392 76.264
1139.728 89.266
1140.063 70.269
1140.398 106.272
1140.733 125.274
1141.068 112.277
1141.403 135.280
1141.738 106.282
1142.073 108.285
1142.409 109.288
1142.744 85.291
1143.079 106.293
1143.414 173.296
1143.749 140.299
1144.084 128.301
1144.419 149.304
1144.754 144.307
1145.090 133.310
1145.425 109.312
1145.760 145.315
1146.095 148.318
1146.430 82.321
1146.765 94.323
1147.100 121.326
1147.435 103.329
1147.771 101.332
1148.106 124.334
1148.441 117.337
1148.776 102.340
1149.111 100.343
1149.446 111.346
1149.781 89.348
1150.116 78.351
1150.452 61.354
1150.787 35.357
1151.122 70.359
1151.457 100.362
1151.792 80.365
1152.127 66.368
1152.462 32.371
1152.797 12.373
1153.133 56.376
1153.468 46.379
1153.803 16.382
1154.138 40.385
1154.473 62.388
1154.808 64.390
1155.143 42.393
1155.478 15.396
1155.814 51.399
1156.149 30.402
1156.484 28.404
1156.819 31.407
1157.154 53.410
1157.489 32.413
1157.824 26.416
1158.159 40.419
1158.494 57.421
1158.830 37.424
1159.165 0.427
1159.500 11.430
1159.835 30.433
1160.170 5.436
1160.505 4.438
1160.840 20.441
1161.175 45.444
1161.511 24.447
1161.846 5.450
1162.181 -13.547
1162.516 28.456
1162.851 48.458
1163.186 15.461
1163.521 29.464
1163.856 8.467
1164.192 -32.530
1164.527 -3.527
1164.862 40.476
1165.197 27.478
1165.532 -0.519
1165.867 6.484
1166.202 -20.513
1166.537 13.490
1166.873 43.493
1167.208 11.496
1167.543 19.498
1167.878 1.501
1168.213 0.504
1168.548 -2.493
1168.883 13.510
1169.218 -4.487
1169.554 28.516
1169.889 48.518
1170.224 35.521
1170.559 52.524
1170.894 21.527
1171.229 16.530
1171.564 63.533
1171.899 110.536
1172.235 113.538
1172.570 114.541
1172.905 71.544
1173.240 64.547
1173.575 61.550
1173.910 63.553
1174.245 28.555
1174.580 62.558
1174.916 61.561
1175.251 19.564
1175.586 20.567
1175.921 43.570
1176.256 31.573
1176.591 32.575
1176.926 42.578
1177.261 21.581
1177.597 58.584
1177.932 90.587
1178.267 67.589
1178.602 13.592
1178.937 63.595
1179.272 101.598
1179.607 108.601
1179.942 85.604
1180.278 92.606
1180.613 101.609
1180.948 117.612
1181.283 112.615
1181.618 34.618
1181.953 39.620
1182.288 36.623
1182.623 -0.374
1182.959 28.629
1183.294 31.632
1183.629 48.634
1183.964 27.637
1184.299 8.640
1184.634 -3.357
1184.969 38.645
1185.304 42.648
1185.640 16.651
1185.975 14.654
1186.310 41.656
1186.645 46.659
1186.980 27.662
1187.315 28.665
1187.650 14.667
1187.985 12.670
1188.320 7.673
1188.656 -8.324
1188.991 14.678
1189.326 64.681
1189.661 74.684
1189.996 47.686
1190.331 68.689
1190.666 86.692
1191.001 55.695
1191.337 55.697
1191.672 81.700
1192.007 96.703
1192.342 77.705
1192.677 71.708
1193.012 80.710
1193.347 60.713
1193.682 49.716
1194.018 69.718
1194.353 30.721
1194.688 10.724
1195.023 19.726
1195.358 28.729
1195.693 16.731
1196.028 14.734
1196.363 29.737
1196.699 77.739
1197.034 80.742
1197.369 41.744
1197.704 43.747
1198.039 72.749
1198.374 38.752
1198.709 -5.245
1199.044 21.757
1199.380 3.760
1199.715 -28.238
1200.050 14.765
1200.385 33.767
1200.720 22.770
1201.055 45.772
1201.390 36.775
1201.725 6.777
1202.061 -5.220
1202.396 -2.218
1202.731 6.784
1203.066 39.787
1203.401 35.789
1203.736 58.792
1204.071 75.794
1204.406 27.796
1204.742 29.799
1205.077 39.801
1205.412 67.804
1205.747 48.806
1206.082 45.808
1206.417 58.811
1206.752 54.813
1207.087 10.815
1207.423 42.818
1207.758 63.820
1208.093 78.822
1208.428 63.824
1208.763 60.827
1209.098 77.829
1209.433 47.831
1209.768 65.833
1210.104 47.836
1210.439 38.838
1210.774 65.840
1211.109 39.842
