1840.000	1358.667
1841.000	1425.667
1842.000	1588.000
1843.000	1628.000
1844.000	1702.667
1845.000	1564.000
1846.000	1589.667
1847.000	1736.000
1848.000	1952.000
1849.000	1950.000
1850.000	1980.667
1851.000	2003.667
1852.000	2100.333
1853.000	2192.333
1854.000	2393.000
1855.000	2415.000
1856.000	2384.000
1857.000	2310.333
1858.000	2402.667
1859.000	2439.667
1860.000	2551.000
1861.000	2446.667
1862.000	2348.667
1863.000	2440.667
1864.000	2572.333
1865.000	2417.667
1866.000	2394.333
1867.000	2491.333
1868.000	2642.667
1869.000	2405.667
1870.000	2282.000
1871.000	2343.333
1872.000	2465.333
1873.000	2504.000
1874.000	2627.000
1875.000	2643.667
1876.000	2711.333
1877.000	2502.000
1878.000	2359.333
1879.000	2511.000
1880.000	2730.667
1881.000	2455.667
1882.000	2288.333
1883.000	2207.000
1884.000	2147.667
1885.000	2157.333
1886.000	2226.667
1887.000	2054.000
1888.000	2042.000
1889.000	2097.000
1890.000	2158.333
1891.000	2026.333
1892.000	1969.667
1893.000	1995.333
1894.000	2188.667
1895.000	2103.667
1896.000	1961.333
1897.000	1816.000
1898.000	1795.333
1899.000	1634.000
1900.000	1512.333
1901.000	1549.000
1902.000	1739.333
1903.000	1639.333
1904.000	1580.000
1905.000	1568.000
1906.000	1657.000
1907.000	1617.333
1908.000	1600.333
1909.000	1569.000
1910.000	1626.333
1911.000	1640.333
1912.000	1769.000
1913.000	1847.667
1914.000	2060.000
1915.000	2067.333
1916.000	2123.000
1917.000	2206.000
1918.000	2470.667
1919.000	2434.333
1920.000	2408.667
1921.000	2510.000
1922.000	2732.333
1923.000	2855.667
1924.000	3078.667
1925.000	3256.333
1926.000	3581.333
1927.000	3645.333
1928.000	3820.667
1929.000	4103.333
1930.000	4409.667
1931.000	4489.000
1932.000	4641.333
1933.000	5042.333
1934.000	5538.667
1935.000	5676.000
1936.000	5879.667
1937.000	6266.333
1938.000	6790.667
1939.000	7226.667
1940.000	7670.333
1941.000	8024.333
1942.000	8460.000
1943.000	8954.667
1944.000	9462.333
1945.000	9876.333
1946.000	10350.333
1947.000	10777.000
1948.000	11298.667
1949.000	11749.333
1950.000	12192.667
1951.000	12697.333
1952.000	13196.000
1953.000	13732.333
1954.000	14354.000
1955.000	14827.000
1956.000	15281.000
1957.000	15794.667
1958.000	16386.667
1959.000	16822.333
1960.000	17368.667
1961.000	17889.667
1962.000	18405.333
1963.000	18741.667
1964.000	19073.000
1965.000	19463.000
1966.000	19858.333
1967.000	20018.000
1968.000	20165.000
1969.000	20550.667
1970.000	21036.333
1971.000	21111.333
1972.000	21092.000
1973.000	21155.333
1974.000	21389.667
1975.000	21527.667
1976.000	21696.333
1977.000	21514.333
1978.000	21336.000
1979.000	21187.667
1980.000	21130.333
1981.000	20925.000
1982.000	20757.333
1983.000	20453.667
1984.000	20120.667
1985.000	19827.333
1986.000	19557.667
1987.000	19176.000
1988.000	18880.000
1989.000	18553.000
1990.000	18205.667
1991.000	17670.000
1992.000	17219.667
1993.000	16779.000
1994.000	16341.667
1995.000	15822.333
1996.000	15288.333
1997.000	14680.000
1998.000	14225.667
1999.000	13719.333
2000.000	13207.000
2001.000	12749.333
2002.000	12411.333
2003.000	11935.667
2004.000	11442.333
2005.000	11006.000
2006.000	10559.333
2007.000	10069.000
2008.000	9664.333
2009.000	9211.333
2010.000	8804.667
2011.000	8676.000
2012.000	8454.667
2013.000	8017.333
2014.000	7739.667
2015.000	7483.333
2016.000	7311.333
2017.000	7188.000
2018.000	7088.667
2019.000	6825.667
2020.000	6630.000
2021.000	6446.333
2022.000	6438.000
2023.000	6393.000
2024.000	6359.000
2025.000	6108.333
2026.000	5966.667
2027.000	5792.333
2028.000	5631.333
2029.000	5430.667
2030.000	5288.667
2031.000	5231.667
2032.000	5208.333
2033.000	5026.667
2034.000	5004.000
2035.000	5042.000
2036.000	5039.333
2037.000	4835.000
2038.000	4731.667
2039.000	4698.000
2040.000	4648.000
2041.000	4472.000
2042.000	4434.000
2043.000	4437.333
2044.000	4459.333
2045.000	4616.000
2046.000	4913.333
2047.000	4782.667
2048.000	4676.000
2049.000	4833.000
2050.000	5060.000
2051.000	5114.000
2052.000	5267.667
2053.000	5349.667
2054.000	5533.000
2055.000	5863.000
2056.000	6224.000
2057.000	6407.667
2058.000	6714.333
2059.000	6823.333
2060.000	6958.000
2061.000	7218.333
2062.000	7550.667
2063.000	7826.333
2064.000	8023.333
2065.000	8312.667
2066.000	8767.667
2067.000	9218.667
2068.000	9602.667
2069.000	9677.667
2070.000	9809.667
2071.000	10143.000
2072.000	10575.667
2073.000	10984.333
2074.000	11365.333
2075.000	11692.333
2076.000	12036.333
2077.000	12377.000
2078.000	12975.000
2079.000	13423.333
2080.000	13621.000
2081.000	13846.333
2082.000	14169.667
2083.000	14208.000
2084.000	14274.333
2085.000	14411.000
2086.000	14661.333
2087.000	15004.333
2088.000	15333.667
2089.000	15504.667
2090.000	15809.000
2091.000	15881.667
2092.000	15766.000
2093.000	15916.000
2094.000	16202.333
2095.000	16243.000
2096.000	16332.333
2097.000	16532.333
2098.000	16864.333
2099.000	17052.667
2100.000	17225.667
2101.000	17540.000
2102.000	17855.000
2103.000	17998.000
2104.000	18112.333
2105.000	18235.000
2106.000	18529.000
2107.000	18876.333
2108.000	19155.333
2109.000	19550.667
2110.000	19980.667
2111.000	20385.333
2112.000	20916.667
2113.000	21333.667
2114.000	21776.333
2115.000	22330.667
2116.000	22943.000
2117.000	23501.667
2118.000	24100.667
2119.000	24637.667
2120.000	25199.333
2121.000	25661.000
2122.000	26332.000
2123.000	27069.333
2124.000	27713.333
2125.000	28185.667
2126.000	28730.667
2127.000	29271.333
2128.000	29769.333
2129.000	30135.667
2130.000	30639.000
2131.000	31056.000
2132.000	31469.667
2133.000	31675.333
2134.000	31790.000
2135.000	31924.667
2136.000	32241.333
2137.000	32378.667
2138.000	32434.333
2139.000	32405.667
2140.000	32301.000
2141.000	32286.333
2142.000	32385.667
2143.000	32302.667
2144.000	32094.000
2145.000	31791.000
2146.000	31471.333
2147.000	31083.667
2148.000	30711.000
2149.000	30318.667
2150.000	30140.000
2151.000	29726.333
2152.000	29307.667
2153.000	28753.000
2154.000	28163.000
2155.000	27522.667
2156.000	26925.333
2157.000	26213.667
2158.000	25556.333
2159.000	24990.000
2160.000	24518.000
2161.000	23971.667
2162.000	23583.667
2163.000	23151.667
2164.000	22732.000
2165.000	22261.667
2166.000	21809.333
2167.000	21440.667
2168.000	21276.000
2169.000	21205.000
2170.000	21256.000
2171.000	21141.667
2172.000	21040.000
2173.000	21011.667
2174.000	20888.667
2175.000	20720.333
2176.000	20761.333
2177.000	20842.333
2178.000	20916.000
2179.000	20979.667
2180.000	21075.000
2181.000	21175.667
2182.000	21295.000
2183.000	21253.000
2184.000	21217.667
2185.000	21084.000
2186.000	21034.333
2187.000	20970.000
2188.000	20950.333
2189.000	20915.333
2190.000	20807.000
2191.000	20278.667
2192.000	19842.000
2193.000	19631.333
2194.000	19524.667
2195.000	19101.667
2196.000	18559.333
2197.000	17888.667
2198.000	17374.000
2199.000	16954.000
2200.000	16436.333
2201.000	15745.333
2202.000	15208.333
2203.000	14563.000
2204.000	13901.667
2205.000	13384.000
2206.000	12898.000
2207.000	12209.667
2208.000	11646.333
2209.000	10885.333
2210.000	10240.333
2211.000	9522.000
2212.000	8745.333
2213.000	8381.000
2214.000	8138.667
2215.000	7681.667
2216.000	7232.000
2217.000	6680.667
2218.000	6191.333
2219.000	5911.667
2220.000	5760.000
2221.000	5492.667
2222.000	5241.667
2223.000	4732.667
2224.000	4358.667
2225.000	4394.667
2226.000	4561.333
2227.000	4355.333
2228.000	4200.333
2229.000	4175.333
2230.000	4253.667
2231.000	4099.000
2232.000	3882.333
2233.000	3928.000
2234.000	4130.667
2235.000	3898.667
2236.000	3718.667
2237.000	3829.000
2238.000	4045.667
2239.000	4116.667
2240.000	4251.000
2241.000	4217.000
2242.000	4172.667
2243.000	4266.667
2244.000	4518.333
2245.000	4697.000
2246.000	4905.000
2247.000	4848.333
2248.000	4891.333
2249.000	5163.667
2250.000	5545.667
2251.000	5880.000
2252.000	6243.667
2253.000	6436.000
2254.000	6609.667
2255.000	6946.000
2256.000	7359.667
2257.000	7722.667
2258.000	8185.000
2259.000	8518.333
2260.000	8817.000
2261.000	9266.667
2262.000	9797.000
2263.000	10236.667
2264.000	10707.667
2265.000	11070.667
2266.000	11645.667
2267.000	12312.333
2268.000	12835.667
2269.000	13215.000
2270.000	13733.000
2271.000	14270.667
2272.000	14843.667
2273.000	15303.000
2274.000	15773.000
2275.000	16132.667
2276.000	16501.000
2277.000	17141.333
2278.000	17790.333
2279.000	18237.333
2280.000	18726.667
2281.000	19158.000
2282.000	19653.000
2283.000	20053.667
2284.000	20417.000
2285.000	20657.333
2286.000	20953.000
2287.000	21205.667
2288.000	21538.000
2289.000	21821.667
2290.000	22023.667
2291.000	22030.667
2292.000	22092.000
2293.000	22161.000
2294.000	22344.000
2295.000	22418.000
2296.000	22373.333
2297.000	22258.333
2298.000	22298.667
2299.000	22268.667
2300.000	22238.000
2301.000	22001.667
2302.000	21746.000
2303.000	21603.000
2304.000	21518.667
2305.000	21176.000
2306.000	20818.333
2307.000	20454.333
2308.000	20076.000
2309.000	19805.667
2310.000	19681.333
2311.000	19382.333
2312.000	19069.667
2313.000	18755.000
2314.000	18525.333
2315.000	18286.000
2316.000	18054.667
2317.000	17677.333
2318.000	17302.333
2319.000	16917.667
2320.000	16601.333
2321.000	16427.667
2322.000	16328.667
2323.000	16072.333
2324.000	15879.667
2325.000	16005.000
2326.000	16106.667
2327.000	15708.000
2328.000	15403.333
2329.000	15290.667
2330.000	15161.000
2331.000	15086.333
2332.000	15019.333
2333.000	14785.667
2334.000	14634.000
2335.000	14649.667
2336.000	14720.000
2337.000	14522.333
2338.000	14323.000
2339.000	14081.333
2340.000	13977.667
2341.000	13852.333
2342.000	13592.000
2343.000	13254.333
2344.000	13018.667
2345.000	12788.667
2346.000	12542.000
2347.000	12156.333
2348.000	11773.667
2349.000	11182.000
2350.000	10786.000
2351.000	10534.667
2352.000	10238.000
2353.000	9891.667
2354.000	9596.000
2355.000	9193.333
2356.000	8878.333
2357.000	8420.000
2358.000	8069.667
2359.000	7585.000
2360.000	7213.667
2361.000	6935.333
2362.000	6698.667
2363.000	6186.667
2364.000	5705.667
2365.000	5302.667
2366.000	5011.667
2367.000	4962.333
2368.000	4903.667
2369.000	4487.000
2370.000	4194.333
2371.000	4091.000
2372.000	4009.333
2373.000	3757.333
2374.000	3589.333
2375.000	3513.333
2376.000	3471.000
2377.000	3429.667
2378.000	3517.333
2379.000	3509.667
2380.000	3532.667
2381.000	3349.667
2382.000	3275.333
2383.000	3234.667
2384.000	3227.667
2385.000	3267.000
2386.000	3447.333
2387.000	3503.000
2388.000	3612.000
2389.000	3547.667
2390.000	3556.667
2391.000	3731.667
2392.000	3964.000
2393.000	3982.000
2394.000	4043.667
2395.000	4237.000
2396.000	4526.667
2397.000	4479.333
2398.000	4514.333
2399.000	4551.000
2400.000	4568.333
2401.000	4580.667
2402.000	4706.333
2403.000	4647.667
2404.000	4675.000
2405.000	4772.333
2406.000	4972.000
2407.000	4808.667
2408.000	4658.333
2409.000	4535.667
2410.000	4493.000
2411.000	4461.000
2412.000	4498.000
2413.000	4243.000
2414.000	4117.333
2415.000	4013.000
2416.000	3967.000
2417.000	3813.000
2418.000	3802.667
2419.000	3728.333
