2212.000	3892.667
2213.000	3847.667
2214.000	3923.333
2215.000	3832.000
2216.000	4043.333
2217.000	4272.333
2218.000	4365.333
2219.000	3996.333
2220.000	3895.000
2221.000	3886.000
2222.000	4171.333
2223.000	4148.000
2224.000	4314.333
2225.000	4073.000
2226.000	3959.333
2227.000	4020.333
2228.000	4224.667
2229.000	4039.333
2230.000	4467.667
2231.000	4689.667
2232.000	4444.000
2233.000	3711.000
2234.000	3289.333
2235.000	3163.000
2236.000	3282.333
2237.000	3245.333
2238.000	3573.667
2239.000	3692.667
2240.000	3680.000
2241.000	3659.333
2242.000	3650.667
2243.000	3276.333
2244.000	3223.667
2245.000	3150.000
2246.000	3064.333
2247.000	2928.000
2248.000	2988.333
2249.000	3254.667
2250.000	3646.000
2251.000	3499.000
2252.000	3391.000
2253.000	3195.000
2254.000	3200.667
2255.000	3028.000
2256.000	2999.333
2257.000	3130.000
2258.000	3636.333
2259.000	3787.333
2260.000	3694.000
2261.000	3564.667
2262.000	3796.333
2263.000	3836.667
2264.000	4007.000
2265.000	3743.667
2266.000	3689.000
2267.000	3627.667
2268.000	3617.667
2269.000	3438.333
2270.000	3575.333
2271.000	3605.333
2272.000	3583.000
2273.000	3302.667
2274.000	3414.667
2275.000	3372.000
2276.000	3454.667
2277.000	3666.333
2278.000	4152.000
2279.000	4496.667
2280.000	4776.333
2281.000	4381.000
2282.000	4269.000
2283.000	4350.667
2284.000	4580.000
2285.000	4325.667
2286.000	4243.000
2287.000	4344.333
2288.000	4664.000
2289.000	4712.000
2290.000	4819.667
2291.000	5011.667
2292.000	5200.333
2293.000	5311.333
2294.000	5861.000
2295.000	6001.333
2296.000	6144.667
2297.000	6354.333
2298.000	6671.333
2299.000	6592.333
2300.000	6738.667
2301.000	6844.333
2302.000	7243.333
2303.000	7569.000
2304.000	7970.000
2305.000	8315.000
2306.000	8669.000
2307.000	8909.000
2308.000	9441.333
2309.000	10007.333
2310.000	10546.333
2311.000	10848.333
2312.000	11171.000
2313.000	11733.000
2314.000	12540.333
2315.000	13156.667
2316.000	13971.000
2317.000	13958.667
2318.000	13803.333
2319.000	14143.667
2320.000	14949.333
2321.000	15561.000
2322.000	16241.000
2323.000	16795.000
2324.000	17402.667
2325.000	17761.000
2326.000	18179.667
2327.000	18219.333
2328.000	18107.000
2329.000	18207.667
2330.000	18695.667
2331.000	18781.333
2332.000	18869.333
2333.000	18444.333
2334.000	18218.000
2335.000	17919.000
2336.000	17734.667
2337.000	17568.333
2338.000	17475.333
2339.000	16813.667
2340.000	16203.667
2341.000	15752.667
2342.000	15333.000
2343.000	14501.667
2344.000	13712.000
2345.000	12993.667
2346.000	12552.667
2347.000	11608.333
2348.000	10730.000
2349.000	10254.667
2350.000	10280.333
2351.000	9935.667
2352.000	9312.333
2353.000	8586.667
2354.000	8182.667
2355.000	7798.333
2356.000	7518.667
2357.000	6794.000
2358.000	6001.667
2359.000	5825.667
2360.000	6123.667
2361.000	5968.333
2362.000	5661.333
2363.000	4966.000
2364.000	4568.333
2365.000	4460.667
2366.000	4771.000
2367.000	4347.333
2368.000	3858.667
2369.000	3571.333
2370.000	3502.667
2371.000	3611.667
2372.000	4074.333
2373.000	3982.000
2374.000	3641.333
2375.000	3212.000
2376.000	3175.333
2377.000	3015.000
2378.000	3132.667
2379.000	3119.000
2380.000	3239.667
2381.000	3259.000
2382.000	3502.333
2383.000	3140.000
2384.000	2824.667
2385.000	2816.667
2386.000	3083.667
2387.000	2998.667
2388.000	2912.000
2389.000	2878.333
2390.000	3076.000
2391.000	3188.333
2392.000	3370.000
2393.000	3055.667
2394.000	2901.667
2395.000	2898.000
2396.000	2858.333
2397.000	2565.333
2398.000	2602.000
2399.000	2369.333
2400.000	2234.667
2401.000	2296.667
2402.000	2647.667
2403.000	2710.333
2404.000	2746.667
2405.000	2911.667
2406.000	3215.333
2407.000	2821.667
2408.000	2629.333
2409.000	2640.000
2410.000	2628.333
2411.000	2527.333
2412.000	2704.333
2413.000	2624.667
2414.000	2478.667
2415.000	2415.000
2416.000	2686.000
2417.000	2750.667
2418.000	2853.667
2419.000	2799.667
2420.000	2808.333
2421.000	2551.333
2422.000	2720.000
2423.000	2901.000
2424.000	2942.333
2425.000	2883.000
2426.000	3170.667
2427.000	3121.000
2428.000	3005.667
2429.000	3084.667
2430.000	3203.333
2431.000	2686.333
2432.000	2289.667
2433.000	2245.333
2434.000	2634.667
2435.000	2943.333
2436.000	3080.333
2437.000	2849.333
2438.000	2914.333
2439.000	2963.667
2440.000	3002.333
2441.000	2615.667
2442.000	2403.667
2443.000	2342.667
2444.000	2368.667
2445.000	2348.000
2446.000	2605.667
2447.000	2686.000
2448.000	2616.000
2449.000	2257.667
2450.000	2174.000
2451.000	2176.000
2452.000	2333.667
2453.000	2398.333
2454.000	2553.333
2455.000	2674.667
2456.000	3023.000
2457.000	2936.333
2458.000	2694.000
2459.000	2511.000
2460.000	2534.000
2461.000	2437.333
2462.000	2427.667
2463.000	2422.667
2464.000	2403.000
2465.000	2226.000
2466.000	2201.000
2467.000	2194.667
2468.000	2261.000
2469.000	2351.333
2470.000	2568.333
2471.000	2535.333
2472.000	2538.000
2473.000	2731.000
2474.000	3071.667
2475.000	2970.333
2476.000	2955.000
2477.000	2591.667
2478.000	2558.667
2479.000	2491.667
2480.000	2285.333
2481.000	2170.667
2482.000	2507.000
2483.000	2520.000
2484.000	2449.333
2485.000	2184.667
2486.000	2424.000
2487.000	2842.000
2488.000	3152.000
2489.000	3102.000
2490.000	3142.667
2491.000	2682.000
2492.000	2372.333
2493.000	2379.667
2494.000	2769.333
2495.000	3080.667
2496.000	3233.333
2497.000	3230.333
2498.000	3367.333
2499.000	3005.000
2500.000	2653.667
2501.000	2438.333
2502.000	2475.667
2503.000	2333.000
2504.000	2285.667
2505.000	2573.667
2506.000	3187.000
2507.000	3180.667
2508.000	3082.667
2509.000	2612.333
2510.000	2411.667
2511.000	2310.667
2512.000	2426.000
2513.000	2618.000
2514.000	2855.000
2515.000	2714.667
2516.000	2687.000
2517.000	2646.333
2518.000	2973.667
2519.000	3010.000
2520.000	2959.000
2521.000	2593.333
2522.000	2253.000
2523.000	2245.667
2524.000	2546.000
2525.000	2819.000
2526.000	3231.000
2527.000	3058.667
2528.000	2767.667
2529.000	2316.000
2530.000	2175.667
2531.000	2253.333
2532.000	2435.000
2533.000	2196.667
2534.000	2221.000
2535.000	2232.667
2536.000	2407.667
2537.000	2304.333
2538.000	2434.000
2539.000	2464.667
2540.000	2500.000
2541.000	2392.000
2542.000	2438.667
2543.000	2357.667
2544.000	2449.000
2545.000	2805.333
2546.000	3250.000
2547.000	3026.000
2548.000	3044.000
2549.000	3096.333
2550.000	2938.333
2551.000	2556.000
2552.000	2403.333
2553.000	2330.000
2554.000	2630.667
2555.000	2566.667
2556.000	2375.000
2557.000	2275.000
2558.000	2585.000
2559.000	2838.333
2560.000	3150.333
2561.000	3043.333
2562.000	2973.667
2563.000	2707.000
2564.000	2339.000
2565.000	2214.667
2566.000	2665.667
2567.000	2938.667
2568.000	2819.333
2569.000	2675.333
2570.000	2859.000
2571.000	2775.333
2572.000	2857.667
2573.000	2649.667
2574.000	2561.667
2575.000	2546.333
2576.000	2647.333
2577.000	2843.000
2578.000	3100.667
2579.000	3048.333
2580.000	2894.333
2581.000	2716.333
2582.000	2763.333
2583.000	2793.000
2584.000	2832.333
2585.000	2612.333
2586.000	2757.333
2587.000	2683.667
2588.000	2587.333
2589.000	2733.333
2590.000	3330.333
2591.000	3296.667
2592.000	3065.333
2593.000	2786.000
2594.000	2803.000
2595.000	2622.000
2596.000	2517.333
2597.000	2348.333
2598.000	2571.333
2599.000	2634.667
2600.000	2605.667
2601.000	2438.333
2602.000	2475.000
2603.000	2524.667
2604.000	2534.333
2605.000	2357.667
2606.000	2309.667
2607.000	2321.000
2608.000	2582.000
2609.000	2315.667
2610.000	2123.000
2611.000	2100.333
2612.000	2303.667
2613.000	2401.333
2614.000	2525.000
2615.000	2570.000
2616.000	2864.000
2617.000	3098.000
2618.000	2977.333
2619.000	2486.667
2620.000	2382.667
2621.000	2414.667
2622.000	2476.333
2623.000	2148.000
2624.000	1898.667
2625.000	1923.000
2626.000	2187.667
2627.000	2265.000
2628.000	2277.333
2629.000	2263.667
2630.000	2573.667
2631.000	2795.333
2632.000	2785.667
2633.000	2652.667
2634.000	2617.667
2635.000	2531.333
2636.000	2667.333
2637.000	2566.667
2638.000	2593.333
2639.000	2620.333
2640.000	2818.000
2641.000	2806.667
2642.000	2991.333
2643.000	3096.333
2644.000	3061.000
2645.000	3047.667
2646.000	2991.000
2647.000	2797.000
2648.000	2798.333
2649.000	2693.000
2650.000	2791.333
2651.000	2643.000
2652.000	2568.667
2653.000	2479.667
2654.000	2480.000
2655.000	2618.333
2656.000	2773.333
2657.000	2673.333
2658.000	2710.000
2659.000	2668.667
2660.000	2728.667
2661.000	2611.333
2662.000	2662.333
2663.000	2563.333
2664.000	2295.000
2665.000	2063.000
2666.000	2190.667
2667.000	2160.667
2668.000	2207.000
2669.000	2298.667
2670.000	2375.333
2671.000	2301.667
2672.000	2375.667
2673.000	2632.667
2674.000	3019.667
2675.000	2672.333
2676.000	2376.000
2677.000	2320.000
2678.000	2430.667
2679.000	2319.000
2680.000	2173.000
2681.000	2156.333
2682.000	2484.333
2683.000	2666.333
2684.000	2791.667
2685.000	2528.000
2686.000	2663.000
2687.000	2743.667
2688.000	2612.000
2689.000	2383.333
2690.000	2467.667
2691.000	2600.000
2692.000	2532.000
2693.000	2316.667
2694.000	2462.333
2695.000	2431.000
2696.000	2488.000
2697.000	2519.333
2698.000	2665.667
2699.000	2637.000
2700.000	2593.000
2701.000	2348.333
2702.000	2229.667
2703.000	2410.333
2704.000	2799.000
2705.000	2923.333
2706.000	2972.333
2707.000	2973.000
2708.000	3072.667
2709.000	2658.667
2710.000	2452.000
2711.000	2542.667
2712.000	2574.667
2713.000	2318.000
2714.000	2357.000
2715.000	2285.333
2716.000	2309.667
2717.000	2292.667
2718.000	2384.667
2719.000	2415.333
2720.000	2592.667
2721.000	2454.000
2722.000	2576.000
2723.000	2548.333
2724.000	2383.333
2725.000	2066.667
2726.000	2191.000
2727.000	2380.667
2728.000	2676.333
2729.000	2771.000
2730.000	2800.333
2731.000	2681.000
2732.000	2654.333
2733.000	2413.667
2734.000	2598.333
2735.000	2680.333
2736.000	2697.333
2737.000	2789.000
2738.000	2966.333
2739.000	2519.667
2740.000	2314.000
2741.000	2407.667
2742.000	2622.333
2743.000	2929.667
2744.000	3168.667
2745.000	2905.667
2746.000	3138.000
2747.000	3249.000
2748.000	3268.333
2749.000	2887.667
2750.000	2655.000
2751.000	2664.000
2752.000	2826.667
2753.000	2571.333
2754.000	2561.333
2755.000	2835.333
2756.000	3210.000
2757.000	2854.333
2758.000	2704.667
2759.000	2546.000
2760.000	2430.333
2761.000	2241.667
2762.000	2386.000
2763.000	2261.333
2764.000	2106.333
2765.000	2062.333
2766.000	2326.333
2767.000	2546.000
2768.000	2775.333
2769.000	2763.000
2770.000	2729.667
2771.000	2604.333
2772.000	2851.333
2773.000	2793.000
2774.000	2775.333
2775.000	2785.667
2776.000	2857.000
2777.000	2726.000
2778.000	2757.000
2779.000	2681.667
2780.000	2673.000
2781.000	2550.333
2782.000	2724.667
2783.000	2976.333
2784.000	3151.000
2785.000	3058.667
2786.000	3161.000
2787.000	2945.667
2788.000	2945.667
2789.000	2793.000
2790.000	2783.000
2791.000	2662.333
2792.000	2648.000
2793.000	2489.000
2794.000	2559.000
2795.000	2522.000
2796.000	2585.667
2797.000	2463.333
2798.000	2559.667
2799.000	2420.333
2800.000	2321.333
2801.000	2371.667
2802.000	2540.000
2803.000	2728.667
2804.000	3028.000
2805.000	2716.333
2806.000	2648.333
2807.000	2802.667
2808.000	2966.667
2809.000	2869.000
2810.000	2990.333
2811.000	2875.667
2812.000	2768.667
2813.000	2570.000
2814.000	2541.000
2815.000	2398.667
2816.000	2589.333
2817.000	2846.000
2818.000	3063.667
2819.000	2955.667
2820.000	3071.333
2821.000	3469.333
2822.000	3817.000
2823.000	3463.000
2824.000	2887.667
2825.000	2699.333
2826.000	3016.667
2827.000	2748.667
2828.000	2546.667
2829.000	2470.333
2830.000	2728.333
2831.000	2756.333
2832.000	2892.667
2833.000	3061.667
2834.000	3484.667
2835.000	3694.333
2836.000	3653.000
2837.000	3187.000
2838.000	3292.000
2839.000	3617.333
2840.000	3729.000
2841.000	3496.333
2842.000	3300.333
2843.000	3016.000
2844.000	3054.667
2845.000	3210.667
2846.000	3488.000
2847.000	3696.667
2848.000	3748.667
2849.000	3577.667
2850.000	3871.333
2851.000	4329.000
2852.000	4665.667
2853.000	4455.000
2854.000	4353.333
2855.000	4155.333
2856.000	3895.667
2857.000	3545.667
2858.000	3553.333
2859.000	3742.000
2860.000	4028.000
2861.000	4460.667
2862.000	5002.000
2863.000	5508.000
2864.000	6327.000
2865.000	6768.667
2866.000	7211.333
2867.000	7236.000
2868.000	7356.667
2869.000	7325.333
2870.000	7445.667
2871.000	7270.667
2872.000	7093.333
2873.000	6825.000
2874.000	6943.667
2875.000	7476.333
2876.000	8270.667
2877.000	9289.667
2878.000	10327.333
2879.000	11351.000
2880.000	12685.667
2881.000	14272.667
2882.000	15845.667
2883.000	16512.333
2884.000	17218.667
2885.000	17310.333
2886.000	17247.333
2887.000	17090.667
2888.000	17059.667
2889.000	16389.667
2890.000	15876.333
2891.000	15663.000
2892.000	15563.667
2893.000	16369.667
2894.000	17742.333
2895.000	19428.667
2896.000	21205.000
2897.000	23142.333
2898.000	25513.000
2899.000	27601.667
2900.000	29840.667
2901.000	30936.333
2902.000	31864.333
2903.000	32386.667
2904.000	32974.000
2905.000	33864.000
2906.000	34726.667
2907.000	34805.000
2908.000	34339.667
2909.000	34090.667
2910.000	34258.667
2911.000	33650.667
2912.000	32892.000
2913.000	32153.000
2914.000	31509.000
2915.000	30813.667
2916.000	30023.333
2917.000	29094.667
2918.000	28477.000
2919.000	27364.333
2920.000	26365.667
2921.000	24975.333
2922.000	23687.000
2923.000	22221.333
2924.000	20877.333
2925.000	19141.667
2926.000	17498.333
2927.000	15671.000
2928.000	14139.333
2929.000	12841.333
2930.000	11677.667
2931.000	10583.667
2932.000	9622.333
2933.000	8318.000
2934.000	7263.000
2935.000	6534.667
2936.000	5953.667
2937.000	5439.667
2938.000	5112.333
2939.000	4673.667
2940.000	4138.333
2941.000	3635.667
2942.000	3534.000
2943.000	3345.667
2944.000	3170.000
2945.000	3301.333
2946.000	3757.000
2947.000	3599.000
2948.000	3148.667
2949.000	2989.333
2950.000	3383.333
2951.000	3518.667
2952.000	3316.000
2953.000	2944.667
2954.000	2808.000
2955.000	2819.333
2956.000	3004.000
2957.000	2975.667
2958.000	2981.667
2959.000	3030.000
2960.000	3174.000
2961.000	2808.667
2962.000	2675.667
2963.000	2788.333
2964.000	2908.333
2965.000	2842.333
2966.000	3070.333
2967.000	3023.667
2968.000	3262.000
2969.000	3392.333
2970.000	3271.667
2971.000	2913.667
2972.000	2860.000
2973.000	2723.000
2974.000	2743.000
2975.000	2590.000
2976.000	2585.333
2977.000	2521.667
2978.000	2506.667
2979.000	2357.333
2980.000	2346.667
2981.000	2413.333
2982.000	2636.333
2983.000	2658.000
2984.000	2874.667
2985.000	2972.333
2986.000	3119.333
2987.000	2838.667
2988.000	2576.667
2989.000	2380.000
2990.000	2411.667
2991.000	2627.333
2992.000	3005.667
2993.000	3132.667
2994.000	3254.333
2995.000	2844.667
2996.000	2504.667
2997.000	2368.667
2998.000	2557.000
2999.000	2587.000
3000.000	2569.333
3001.000	2327.667
3002.000	2312.667
3003.000	2640.333
3004.000	3122.333
3005.000	2749.667
3006.000	2464.000
3007.000	2472.000
3008.000	2732.000
3009.000	2833.667
3010.000	2979.333
3011.000	3004.333
3012.000	3104.667
3013.000	2946.667
3014.000	2821.000
3015.000	2834.667
3016.000	2918.333
3017.000	2934.000
3018.000	3206.333
3019.000	2845.333
3020.000	2465.333
3021.000	2259.333
3022.000	2542.000
3023.000	2985.000
3024.000	3373.000
3025.000	2960.000
3026.000	2590.667
3027.000	2432.333
3028.000	2540.000
3029.000	2838.000
3030.000	3545.000
3031.000	3461.333
3032.000	2849.000
3033.000	2267.667
3034.000	2310.000
3035.000	2409.333
3036.000	2443.667
3037.000	2438.333
3038.000	2518.333
3039.000	2409.667
3040.000	2326.000
3041.000	2229.333
3042.000	2617.333
3043.000	2702.667
3044.000	2641.000
3045.000	2468.667
3046.000	2603.000
3047.000	2673.000
3048.000	2592.000
3049.000	2493.333
3050.000	2743.000
3051.000	2617.333
3052.000	2319.667
3053.000	2090.333
3054.000	2127.667
3055.000	2170.667
3056.000	2356.000
3057.000	2689.667
3058.000	3181.667
3059.000	3038.000
3060.000	2951.333
3061.000	2652.667
3062.000	2554.000
3063.000	2408.667
3064.000	2445.333
3065.000	2529.333
3066.000	2836.333
3067.000	2730.667
3068.000	2686.000
3069.000	2672.667
3070.000	2963.000
3071.000	2917.000
3072.000	2718.333
3073.000	2499.667
3074.000	2699.333
3075.000	2815.333
3076.000	2966.667
3077.000	2807.333
3078.000	2784.667
3079.000	2473.667
3080.000	2214.000
3081.000	2092.667
3082.000	2151.667
3083.000	2029.333
3084.000	2038.667
3085.000	2401.000
3086.000	2995.667
3087.000	2769.667
3088.000	2634.000
3089.000	2657.667
3090.000	2959.000
3091.000	3013.000
3092.000	2995.667
3093.000	2838.000
3094.000	2785.667
3095.000	2683.667
3096.000	2560.000
3097.000	2438.333
3098.000	2699.333
3099.000	2555.000
3100.000	2425.333
3101.000	2286.000
3102.000	2311.667
3103.000	2248.667
3104.000	2214.667
3105.000	2141.667
3106.000	2481.667
3107.000	2708.333
3108.000	2727.333
3109.000	2802.000
3110.000	3245.000
3111.000	2848.000
3112.000	2424.333
3113.000	2330.333
3114.000	2493.333
3115.000	2756.000
3116.000	3243.333
3117.000	3145.667
3118.000	3150.333
3119.000	2958.333
3120.000	2821.667
3121.000	3024.667
3122.000	3516.000
3123.000	3151.000
3124.000	2649.667
3125.000	2722.000
3126.000	3021.000
3127.000	2642.333
3128.000	2420.000
3129.000	2483.667
3130.000	2722.333
3131.000	2930.000
3132.000	3159.667
3133.000	2913.000
3134.000	3119.000
3135.000	3281.333
3136.000	3029.000
3137.000	2710.000
3138.000	2740.000
3139.000	2642.000
3140.000	2551.667
3141.000	2533.000
3142.000	2888.000
3143.000	3037.667
3144.000	3081.333
3145.000	2707.667
3146.000	2605.000
3147.000	2384.667
3148.000	2303.000
3149.000	2259.667
3150.000	2273.333
3151.000	2162.667
3152.000	2319.667
3153.000	2617.000
3154.000	2874.000
3155.000	2543.000
3156.000	2463.667
3157.000	2363.000
3158.000	2336.000
3159.000	2364.667
3160.000	2613.667
3161.000	2538.667
3162.000	2601.667
3163.000	2682.000
