1456.000	526.000
1457.000	437.333
1458.000	326.333
1459.000	280.667
1460.000	284.000
1461.000	297.667
1462.000	356.000
1463.000	370.333
1464.000	413.000
1465.000	427.000
1466.000	493.667
1467.000	396.667
1468.000	327.667
1469.000	304.000
1470.000	309.667
1471.000	313.000
1472.000	295.667
1473.000	309.667
1474.000	338.333
1475.000	391.333
1476.000	532.333
1477.000	654.667
1478.000	651.333
1479.000	458.667
1480.000	363.667
1481.000	345.667
1482.000	402.000
1483.000	370.667
1484.000	354.333
1485.000	414.333
1486.000	518.000
1487.000	494.000
1488.000	409.667
1489.000	347.333
1490.000	337.667
1491.000	349.333
1492.000	413.000
1493.000	445.333
1494.000	479.000
1495.000	486.667
1496.000	463.667
1497.000	396.667
1498.000	431.000
1499.000	420.333
1500.000	422.333
1501.000	399.667
1502.000	421.667
1503.000	386.667
1504.000	373.333
1505.000	379.000
1506.000	449.667
1507.000	440.667
1508.000	389.000
1509.000	337.000
1510.000	369.667
1511.000	368.333
1512.000	372.333
1513.000	364.333
1514.000	384.667
1515.000	360.333
1516.000	353.667
1517.000	372.667
1518.000	457.667
1519.000	453.667
1520.000	437.000
1521.000	400.000
1522.000	441.333
1523.000	446.667
1524.000	488.667
1525.000	577.667
1526.000	513.667
1527.000	375.000
1528.000	284.667
1529.000	299.333
1530.000	375.000
1531.000	439.667
1532.000	520.333
1533.000	512.000
1534.000	426.333
1535.000	389.333
1536.000	428.667
1537.000	515.667
1538.000	638.667
1539.000	613.000
1540.000	629.333
1541.000	463.000
1542.000	351.333
1543.000	370.000
1544.000	423.333
1545.000	411.000
1546.000	458.000
1547.000	398.000
1548.000	351.333
1549.000	336.333
1550.000	366.333
1551.000	371.333
1552.000	388.000
1553.000	355.333
1554.000	373.667
1555.000	385.333
1556.000	401.000
1557.000	341.333
1558.000	341.667
1559.000	316.667
1560.000	304.333
1561.000	451.000
1562.000	627.333
1563.000	483.333
1564.000	387.333
1565.000	357.667
1566.000	346.333
1567.000	361.333
1568.000	443.000
1569.000	437.000
1570.000	392.667
1571.000	332.000
1572.000	306.000
1573.000	349.333
1574.000	420.333
1575.000	399.333
1576.000	418.000
1577.000	422.333
1578.000	432.333
1579.000	364.667
1580.000	364.000
1581.000	360.333
1582.000	403.000
1583.000	487.000
1584.000	554.333
1585.000	433.667
1586.000	411.667
1587.000	489.333
1588.000	562.333
1589.000	490.333
1590.000	414.667
1591.000	385.000
1592.000	400.667
1593.000	353.000
1594.000	317.667
1595.000	318.667
1596.000	336.333
1597.000	347.667
1598.000	374.000
1599.000	368.000
1600.000	392.333
1601.000	378.333
1602.000	393.000
1603.000	422.000
1604.000	508.000
1605.000	474.333
1606.000	437.000
1607.000	379.667
1608.000	338.333
1609.000	337.333
1610.000	356.333
1611.000	364.667
1612.000	373.333
1613.000	418.667
1614.000	481.667
1615.000	525.000
1616.000	589.333
1617.000	489.333
1618.000	446.000
1619.000	462.667
1620.000	457.333
1621.000	440.667
1622.000	511.000
1623.000	573.000
1624.000	562.333
1625.000	584.667
1626.000	668.000
1627.000	587.667
1628.000	486.000
1629.000	437.000
1630.000	482.000
1631.000	482.333
1632.000	564.333
1633.000	656.667
1634.000	720.000
1635.000	678.667
1636.000	583.667
1637.000	499.333
1638.000	545.667
1639.000	585.667
1640.000	682.667
1641.000	742.000
1642.000	898.333
1643.000	869.667
1644.000	820.000
1645.000	709.000
1646.000	657.333
1647.000	601.000
1648.000	616.333
1649.000	676.000
1650.000	801.667
1651.000	799.667
1652.000	851.667
1653.000	878.333
1654.000	989.667
1655.000	1025.333
1656.000	1102.667
1657.000	1010.333
1658.000	991.667
1659.000	1081.333
1660.000	1224.333
1661.000	1268.000
1662.000	1414.000
1663.000	1431.667
1664.000	1500.667
1665.000	1586.333
1666.000	1798.333
1667.000	1876.333
1668.000	1996.000
1669.000	1854.667
1670.000	1809.000
1671.000	1984.000
1672.000	2221.000
1673.000	2298.333
1674.000	2464.667
1675.000	2550.667
1676.000	2634.000
1677.000	2741.333
1678.000	2961.667
1679.000	3054.000
1680.000	3145.667
1681.000	3181.667
1682.000	3334.333
1683.000	3571.333
1684.000	3803.667
1685.000	3846.667
1686.000	4083.000
1687.000	4392.667
1688.000	4490.667
1689.000	4338.667
1690.000	4434.333
1691.000	4711.667
1692.000	4958.333
1693.000	4858.333
1694.000	4857.000
1695.000	5124.000
1696.000	5387.667
1697.000	5449.333
1698.000	5602.333
1699.000	5650.333
1700.000	5679.333
1701.000	5830.333
1702.000	6046.667
1703.000	6029.000
1704.000	6028.333
1705.000	6034.000
1706.000	6121.333
1707.000	6074.667
1708.000	5998.667
1709.000	5992.667
1710.000	6068.000
1711.000	6102.667
1712.000	6192.667
1713.000	6122.333
1714.000	6092.000
1715.000	6082.333
1716.000	6112.667
1717.000	6070.333
1718.000	6035.333
1719.000	5803.000
1720.000	5633.333
1721.000	5817.667
1722.000	6061.667
1723.000	5798.333
1724.000	5475.333
1725.000	5183.667
1726.000	4975.000
1727.000	4822.333
1728.000	4752.000
1729.000	4610.000
1730.000	4570.333
1731.000	4434.667
1732.000	4282.000
1733.000	3852.333
1734.000	3640.333
1735.000	3628.000
1736.000	3568.667
1737.000	3305.333
1738.000	3186.667
1739.000	3076.000
1740.000	2964.667
1741.000	2842.667
1742.000	2784.667
1743.000	2535.333
1744.000	2310.667
1745.000	2038.333
1746.000	1883.667
1747.000	1840.667
1748.000	1928.333
1749.000	1837.333
1750.000	1663.000
1751.000	1467.000
1752.000	1416.667
1753.000	1257.667
1754.000	1158.000
1755.000	1105.333
1756.000	1095.000
1757.000	998.333
1758.000	1040.333
1759.000	1097.667
1760.000	1081.667
1761.000	967.000
1762.000	993.000
1763.000	865.000
1764.000	782.667
1765.000	742.667
1766.000	773.333
1767.000	699.000
1768.000	673.667
1769.000	691.000
1770.000	888.667
1771.000	893.000
1772.000	806.667
1773.000	685.667
1774.000	677.667
1775.000	649.000
1776.000	684.000
1777.000	808.000
1778.000	850.333
1779.000	628.000
1780.000	536.667
1781.000	519.667
1782.000	571.667
1783.000	576.333
1784.000	611.333
1785.000	547.000
1786.000	557.333
1787.000	601.333
1788.000	654.000
1789.000	647.667
1790.000	633.000
1791.000	554.000
1792.000	595.667
1793.000	571.333
1794.000	587.667
1795.000	604.667
1796.000	758.333
1797.000	837.667
1798.000	794.333
1799.000	595.000
1800.000	514.333
1801.000	584.000
1802.000	753.000
1803.000	721.333
1804.000	676.667
1805.000	592.333
1806.000	597.667
1807.000	603.000
1808.000	629.667
1809.000	595.667
1810.000	605.333
1811.000	571.000
1812.000	576.000
1813.000	758.333
1814.000	1047.667
1815.000	947.667
1816.000	884.000
1817.000	827.000
1818.000	732.000
1819.000	707.000
1820.000	799.000
1821.000	788.000
1822.000	847.000
1823.000	776.333
1824.000	774.667
1825.000	875.667
1826.000	998.000
1827.000	938.333
1828.000	902.000
1829.000	926.667
1830.000	1014.000
1831.000	1143.667
1832.000	1351.333
1833.000	1218.000
1834.000	1121.000
1835.000	1088.667
1836.000	1149.333
1837.000	1362.667
1838.000	1606.667
1839.000	1570.000
1840.000	1567.333
1841.000	1616.333
1842.000	1663.000
1843.000	1738.000
1844.000	1922.333
1845.000	1864.333
1846.000	1899.000
1847.000	2138.333
1848.000	2486.000
1849.000	2393.333
1850.000	2327.000
1851.000	2302.667
1852.000	2370.333
1853.000	2533.000
1854.000	2803.333
1855.000	3068.333
1856.000	3270.333
1857.000	3398.333
1858.000	3638.333
1859.000	3581.667
1860.000	3609.333
1861.000	3912.667
1862.000	4183.667
1863.000	4254.667
1864.000	4362.667
1865.000	4495.000
1866.000	4775.000
1867.000	5086.000
1868.000	5376.000
1869.000	5542.000
1870.000	5783.667
1871.000	6001.333
1872.000	6247.000
1873.000	6510.333
1874.000	6788.333
1875.000	7022.667
1876.000	7358.000
1877.000	7591.000
1878.000	7717.000
1879.000	7950.667
1880.000	8265.667
1881.000	8536.667
1882.000	8900.333
1883.000	9021.333
1884.000	9183.333
1885.000	9448.667
1886.000	9736.000
1887.000	9963.667
1888.000	10232.000
1889.000	10399.333
1890.000	10521.667
1891.000	10556.000
1892.000	10772.667
1893.000	10997.333
1894.000	11086.000
1895.000	11240.333
1896.000	11372.333
1897.000	11435.333
1898.000	11456.000
1899.000	11406.333
1900.000	11608.000
1901.000	11683.667
1902.000	11617.000
1903.000	11516.000
1904.000	11540.000
1905.000	11433.333
1906.000	11394.000
1907.000	11326.333
1908.000	11169.333
1909.000	10989.000
1910.000	10891.333
1911.000	10625.000
1912.000	10363.667
1913.000	10152.000
1914.000	10069.333
1915.000	9817.667
1916.000	9482.000
1917.000	9036.333
1918.000	8725.667
1919.000	8490.000
1920.000	8310.667
1921.000	7982.000
1922.000	7660.333
1923.000	7321.000
1924.000	7063.000
1925.000	6900.000
1926.000	6669.333
1927.000	6228.667
1928.000	5883.667
1929.000	5623.000
1930.000	5409.000
1931.000	5094.000
1932.000	4731.333
1933.000	4372.667
1934.000	4114.333
1935.000	3920.333
1936.000	3770.000
1937.000	3434.667
1938.000	3179.333
1939.000	2976.333
1940.000	2814.667
1941.000	2737.667
1942.000	2777.333
1943.000	2578.000
1944.000	2328.333
1945.000	2120.667
1946.000	2055.667
1947.000	1886.667
1948.000	1758.000
1949.000	1606.333
1950.000	1489.667
1951.000	1369.333
1952.000	1343.333
1953.000	1189.333
1954.000	1170.667
1955.000	1097.000
1956.000	1083.000
1957.000	1047.333
1958.000	1109.667
1959.000	1002.000
1960.000	937.000
1961.000	849.000
1962.000	820.333
1963.000	772.333
1964.000	813.000
1965.000	813.667
1966.000	876.333
1967.000	818.333
1968.000	759.000
1969.000	688.000
1970.000	671.000
1971.000	572.333
1972.000	562.000
1973.000	590.000
1974.000	686.333
1975.000	745.333
1976.000	820.333
1977.000	711.667
1978.000	690.667
1979.000	700.333
1980.000	760.333
1981.000	643.333
1982.000	566.000
1983.000	528.667
1984.000	514.667
1985.000	486.000
1986.000	564.667
1987.000	539.667
1988.000	533.000
1989.000	535.000
1990.000	622.667
1991.000	639.333
1992.000	625.333
1993.000	557.000
1994.000	595.667
1995.000	571.333
1996.000	568.333
1997.000	497.667
1998.000	470.333
1999.000	459.000
2000.000	495.000
2001.000	485.667
2002.000	534.667
2003.000	506.667
2004.000	494.667
2005.000	503.000
2006.000	625.000
2007.000	806.667
2008.000	1011.333
2009.000	823.667
2010.000	784.667
2011.000	776.333
2012.000	683.000
2013.000	550.333
2014.000	538.667
2015.000	532.333
2016.000	548.000
2017.000	588.667
2018.000	688.333
2019.000	717.000
2020.000	766.667
2021.000	691.667
2022.000	719.333
2023.000	838.333
2024.000	974.000
2025.000	814.000
2026.000	723.333
2027.000	781.000
2028.000	926.333
2029.000	816.667
2030.000	725.333
2031.000	745.000
2032.000	859.333
2033.000	903.333
2034.000	1012.667
2035.000	1047.333
2036.000	1131.000
2037.000	1133.333
2038.000	1191.000
2039.000	1205.000
2040.000	1261.333
2041.000	1272.000
2042.000	1341.000
2043.000	1421.000
2044.000	1556.000
2045.000	1703.667
2046.000	1950.333
2047.000	1772.000
2048.000	1592.667
2049.000	1701.333
2050.000	1903.000
2051.000	1956.000
2052.000	2052.667
2053.000	2019.667
2054.000	2082.000
2055.000	2242.000
2056.000	2507.000
2057.000	2672.667
2058.000	2805.000
2059.000	2824.000
2060.000	2899.667
2061.000	3193.667
2062.000	3564.333
2063.000	3495.667
2064.000	3437.000
2065.000	3418.333
2066.000	3574.000
2067.000	3839.000
2068.000	4054.667
2069.000	4119.000
2070.000	4275.333
2071.000	4355.000
2072.000	4460.000
2073.000	4680.000
2074.000	5034.333
2075.000	5052.667
2076.000	5049.000
2077.000	5023.667
2078.000	5239.000
2079.000	5474.333
2080.000	5446.000
2081.000	5548.000
2082.000	5797.667
2083.000	5665.667
2084.000	5608.667
2085.000	5607.333
2086.000	5717.333
2087.000	5926.667
2088.000	6111.333
2089.000	6147.000
2090.000	6238.333
2091.000	6140.333
2092.000	6138.333
2093.000	6134.333
2094.000	6128.333
2095.000	6041.000
2096.000	6009.667
2097.000	5931.000
2098.000	5906.000
2099.000	5788.667
2100.000	5712.333
2101.000	5623.667
2102.000	5525.000
2103.000	5342.333
2104.000	5225.000
2105.000	5058.667
2106.000	4915.000
2107.000	4764.333
2108.000	4654.667
2109.000	4438.000
2110.000	4329.667
2111.000	4253.000
2112.000	4170.333
2113.000	3896.667
2114.000	3743.000
2115.000	3617.333
2116.000	3533.333
2117.000	3387.000
2118.000	3308.667
2119.000	3108.333
2120.000	2897.667
2121.000	2682.000
2122.000	2612.000
2123.000	2467.333
2124.000	2375.667
2125.000	2158.333
2126.000	2036.333
2127.000	1902.333
2128.000	1803.333
2129.000	1694.333
2130.000	1642.667
2131.000	1392.000
2132.000	1207.667
2133.000	1146.667
2134.000	1179.333
2135.000	1282.000
2136.000	1440.000
2137.000	1113.333
2138.000	897.333
2139.000	923.667
2140.000	1002.000
2141.000	855.000
2142.000	829.333
2143.000	789.000
2144.000	783.000
2145.000	663.333
2146.000	607.667
2147.000	592.667
2148.000	643.667
2149.000	630.000
2150.000	635.667
2151.000	532.000
2152.000	494.667
2153.000	493.333
2154.000	576.333
2155.000	568.333
2156.000	536.000
2157.000	444.667
2158.000	404.333
2159.000	445.000
2160.000	531.000
2161.000	559.667
2162.000	700.667
2163.000	687.667
2164.000	492.333
2165.000	387.000
2166.000	398.000
2167.000	377.667
2168.000	403.000
2169.000	358.333
2170.000	387.667
2171.000	498.667
2172.000	714.667
2173.000	812.333
2174.000	820.000
2175.000	609.333
2176.000	464.667
2177.000	373.000
2178.000	406.333
2179.000	386.333
2180.000	365.000
2181.000	524.667
2182.000	728.000
2183.000	578.667
2184.000	402.667
2185.000	347.333
2186.000	391.333
2187.000	411.000
2188.000	393.333
2189.000	397.000
2190.000	457.000
2191.000	462.667
2192.000	419.000
2193.000	388.667
2194.000	387.000
2195.000	305.667
2196.000	309.667
2197.000	294.000
2198.000	311.333
2199.000	329.333
2200.000	360.000
2201.000	345.000
2202.000	391.000
2203.000	386.000
2204.000	359.000
2205.000	357.333
2206.000	428.667
2207.000	479.000
2208.000	550.667
2209.000	468.667
2210.000	372.000
2211.000	344.333
2212.000	353.333
2213.000	311.333
2214.000	361.667
2215.000	364.000
2216.000	340.000
2217.000	321.000
2218.000	365.333
2219.000	465.000
2220.000	594.333
2221.000	724.000
2222.000	795.000
2223.000	600.667
2224.000	449.667
2225.000	433.333
2226.000	484.000
2227.000	477.333
2228.000	412.000
2229.000	386.000
2230.000	468.333
2231.000	505.667
2232.000	438.000
2233.000	368.000
2234.000	404.667
2235.000	370.667
2236.000	328.333
2237.000	345.000
2238.000	457.667
2239.000	496.333
2240.000	477.000
2241.000	418.333
2242.000	412.333
2243.000	356.000
2244.000	341.000
2245.000	337.000
2246.000	352.000
2247.000	314.667
2248.000	299.667
2249.000	370.667
2250.000	497.333
2251.000	428.667
2252.000	377.000
2253.000	338.333
2254.000	351.333
2255.000	327.333
2256.000	331.000
2257.000	377.000
2258.000	457.000
2259.000	474.333
2260.000	493.000
2261.000	584.333
2262.000	724.000
2263.000	536.667
2264.000	372.333
2265.000	368.000
2266.000	547.667
2267.000	644.667
2268.000	514.000
2269.000	389.333
2270.000	415.333
2271.000	362.333
2272.000	348.667
2273.000	318.000
2274.000	354.333
2275.000	351.333
2276.000	346.333
2277.000	303.333
2278.000	341.000
2279.000	509.000
2280.000	699.000
2281.000	543.000
2282.000	399.667
2283.000	370.000
2284.000	382.667
2285.000	326.667
2286.000	307.333
2287.000	302.333
2288.000	341.000
2289.000	333.667
2290.000	329.333
