403.000	1822.333
404.000	1926.333
405.000	2005.333
406.000	2089.000
407.000	2169.667
408.000	2267.000
409.000	2069.000
410.000	1944.667
411.000	1891.667
412.000	2101.333
413.000	2143.333
414.000	2234.000
415.000	2206.000
416.000	2289.667
417.000	2217.667
418.000	2147.000
419.000	1967.333
420.000	1854.000
421.000	1609.667
422.000	1592.667
423.000	1688.000
424.000	1967.667
425.000	2076.667
426.000	2126.333
427.000	2023.667
428.000	2102.333
429.000	2247.000
430.000	2225.667
431.000	1933.667
432.000	1957.000
433.000	2119.667
434.000	2296.333
435.000	2059.333
436.000	1748.333
437.000	1656.000
438.000	1877.000
439.000	1829.333
440.000	1757.333
441.000	1651.000
442.000	1725.667
443.000	1868.333
444.000	1944.667
445.000	1708.000
446.000	1830.667
447.000	2141.667
448.000	2076.000
449.000	1723.667
450.000	1880.333
451.000	1898.333
452.000	1819.667
453.000	1806.000
454.000	1981.000
455.000	2089.000
456.000	2287.333
457.000	2033.667
458.000	1980.000
459.000	1972.667
460.000	1969.000
461.000	2017.000
462.000	2140.333
463.000	1888.333
464.000	1749.000
465.000	1753.667
466.000	1868.000
467.000	1954.333
468.000	2231.333
469.000	2205.667
470.000	2282.667
471.000	2206.333
472.000	2054.667
473.000	1814.333
474.000	1831.333
475.000	1808.667
476.000	1732.667
477.000	1636.333
478.000	1803.667
479.000	2282.000
480.000	2759.667
481.000	2360.667
482.000	2139.333
483.000	2037.000
484.000	2063.333
485.000	1838.333
486.000	1767.667
487.000	1685.667
488.000	1778.333
489.000	1924.333
490.000	2104.667
491.000	2172.000
492.000	2322.333
493.000	2218.667
494.000	2227.667
495.000	2012.000
496.000	1786.333
497.000	1758.000
498.000	2075.000
499.000	2062.333
500.000	2005.667
501.000	1991.000
502.000	2086.667
503.000	2051.667
504.000	2104.667
505.000	2090.000
506.000	2412.667
507.000	2774.333
508.000	2790.000
509.000	2316.667
510.000	2149.333
511.000	2006.667
512.000	2080.333
513.000	2067.667
514.000	2098.667
515.000	2107.333
516.000	2202.333
517.000	2071.667
518.000	2131.000
519.000	2146.333
520.000	2218.667
521.000	2280.000
522.000	2612.000
523.000	2852.000
524.000	2905.667
525.000	2550.667
526.000	2214.333
527.000	1978.333
528.000	1883.667
529.000	2024.333
530.000	2345.333
531.000	2212.333
532.000	2213.333
533.000	2124.667
534.000	2346.333
535.000	2379.000
536.000	2302.667
537.000	2460.333
538.000	2887.000
539.000	2617.333
540.000	2398.333
541.000	2485.000
542.000	2802.333
543.000	2959.667
544.000	2979.000
545.000	2807.333
546.000	2840.667
547.000	2784.000
548.000	2903.333
549.000	2681.000
550.000	2611.333
551.000	2700.333
552.000	2903.333
553.000	3079.667
554.000	3519.333
555.000	3980.000
556.000	4412.000
557.000	4530.667
558.000	4694.667
559.000	4833.667
560.000	5302.667
561.000	5639.333
562.000	5804.000
563.000	5354.000
564.000	5098.667
565.000	5049.000
566.000	5105.333
567.000	5117.667
568.000	5313.000
569.000	5434.000
570.000	5669.667
571.000	5632.667
572.000	5739.333
573.000	6127.667
574.000	6813.333
575.000	7323.667
576.000	7742.000
577.000	8651.000
578.000	9828.000
579.000	10672.000
580.000	11632.333
581.000	12044.000
582.000	12458.333
583.000	12784.333
584.000	13345.667
585.000	13505.000
586.000	13585.333
587.000	13521.333
588.000	13216.667
589.000	12639.000
590.000	12509.000
591.000	12428.667
592.000	12522.333
593.000	12079.333
594.000	11725.667
595.000	11022.667
596.000	10401.000
597.000	10124.667
598.000	10196.667
599.000	9607.667
600.000	8935.667
601.000	8441.000
602.000	8194.333
603.000	7579.333
604.000	7093.667
605.000	6667.000
606.000	6425.667
607.000	6052.333
608.000	5743.667
609.000	5226.333
610.000	4788.333
611.000	4152.000
612.000	3551.667
613.000	3219.333
614.000	3119.667
615.000	3003.667
616.000	3034.667
617.000	2895.667
618.000	2867.000
619.000	2781.333
620.000	2646.667
621.000	2310.667
622.000	2261.000
623.000	2384.000
624.000	2603.000
625.000	2450.667
626.000	2505.000
627.000	2494.000
628.000	2324.333
629.000	2193.667
630.000	2220.000
631.000	1921.333
632.000	1794.667
633.000	1920.333
634.000	2225.333
635.000	2148.667
636.000	1961.000
637.000	1673.333
638.000	1632.667
639.000	2044.333
640.000	2747.333
641.000	2699.667
642.000	2491.667
643.000	2292.667
644.000	2207.667
645.000	1962.333
646.000	1953.333
647.000	1874.000
648.000	1922.333
649.000	2035.000
650.000	2222.667
651.000	2106.667
652.000	2026.667
653.000	1852.333
654.000	1949.000
655.000	2116.000
656.000	2285.000
657.000	2272.333
658.000	2400.000
659.000	2084.000
660.000	1804.000
661.000	1844.667
662.000	2098.000
663.000	1991.333
664.000	1962.667
665.000	2069.667
666.000	2303.333
667.000	2211.000
668.000	2115.000
669.000	1848.000
670.000	1838.333
671.000	1850.667
672.000	1791.333
673.000	1616.667
674.000	1654.333
675.000	1856.000
676.000	2131.333
677.000	2034.667
678.000	2011.000
679.000	2041.667
680.000	1985.333
681.000	1888.000
682.000	2078.667
683.000	2001.333
684.000	1904.000
685.000	1827.667
686.000	2015.333
687.000	2159.000
688.000	2219.667
689.000	1978.333
690.000	1905.000
691.000	1902.667
692.000	1899.333
693.000	1706.333
694.000	1826.333
695.000	1869.667
696.000	1800.000
697.000	1703.333
698.000	1728.667
699.000	1672.667
700.000	1744.333
701.000	1696.000
702.000	1841.667
703.000	1667.000
704.000	1576.000
705.000	1890.333
706.000	2450.000
707.000	2410.333
708.000	2037.333
709.000	2038.333
710.000	2162.667
711.000	1790.000
712.000	1642.333
713.000	1789.333
714.000	2152.667
715.000	2175.667
716.000	1945.667
717.000	1677.667
718.000	1756.000
719.000	1847.667
720.000	1978.667
721.000	2507.333
722.000	3125.000
723.000	2663.333
724.000	2231.667
725.000	2073.000
726.000	1901.667
727.000	1766.000
728.000	1830.667
729.000	1749.333
730.000	1891.667
731.000	1793.000
732.000	1627.667
733.000	1637.000
734.000	1839.667
735.000	1850.667
736.000	1770.333
737.000	1814.000
738.000	2097.000
739.000	1949.667
740.000	1822.000
741.000	1769.667
742.000	1956.000
743.000	2040.667
744.000	2038.000
745.000	1779.667
746.000	1743.667
747.000	1874.000
748.000	1847.333
749.000	1684.000
750.000	1839.000
751.000	1947.333
752.000	1875.000
753.000	1843.333
754.000	2063.000
755.000	2211.000
756.000	2435.667
757.000	2530.667
758.000	2772.000
759.000	2669.667
760.000	2535.333
761.000	2274.667
762.000	2243.667
763.000	2323.333
764.000	2537.000
765.000	2445.667
766.000	2366.667
767.000	2302.000
768.000	2274.667
769.000	2337.000
770.000	2376.000
771.000	2200.000
772.000	2274.000
773.000	2523.000
774.000	2647.333
775.000	2317.000
776.000	2195.667
777.000	1900.000
778.000	1852.000
779.000	1919.000
780.000	2154.000
781.000	2046.000
782.000	1968.667
783.000	1773.000
784.000	1510.000
785.000	1521.667
786.000	1958.333
787.000	2368.333
788.000	2523.667
789.000	2277.667
790.000	2098.333
791.000	1923.667
792.000	2090.667
793.000	2356.000
794.000	2476.000
795.000	2051.000
796.000	1715.333
797.000	1592.667
798.000	1772.000
799.000	1838.333
800.000	1884.667
801.000	1952.333
802.000	2316.000
803.000	2221.333
804.000	1951.333
805.000	1719.000
806.000	1809.667
807.000	1865.667
808.000	1912.333
809.000	1705.000
810.000	1573.333
811.000	1607.667
812.000	1771.000
813.000	1831.667
814.000	2032.000
815.000	1950.333
816.000	1733.000
817.000	1602.000
818.000	1724.000
819.000	1720.333
820.000	1775.333
821.000	1866.333
822.000	2065.667
823.000	1947.333
824.000	1764.333
825.000	1557.667
826.000	1623.667
827.000	1787.667
828.000	1991.000
829.000	2076.000
830.000	2432.000
831.000	2123.667
832.000	1873.333
833.000	1950.667
834.000	2113.333
835.000	2176.333
836.000	2144.333
837.000	1877.667
838.000	1811.333
839.000	1835.333
840.000	1976.000
841.000	1835.000
842.000	1960.333
843.000	1966.667
844.000	1749.333
845.000	1589.000
846.000	1704.333
847.000	1864.667
848.000	2031.333
849.000	1794.667
850.000	1897.000
851.000	2133.333
852.000	2313.000
853.000	2221.667
854.000	2113.667
855.000	2051.667
856.000	2060.000
857.000	2048.333
858.000	2206.333
859.000	2243.667
860.000	2100.333
861.000	1765.333
862.000	1765.000
863.000	1854.333
864.000	1887.667
865.000	2195.000
866.000	2609.333
867.000	2214.000
868.000	1944.000
869.000	1757.000
870.000	1694.667
871.000	1673.333
872.000	1747.000
873.000	1853.667
874.000	2236.667
875.000	2313.667
876.000	2127.000
877.000	1968.333
878.000	2026.667
879.000	2081.000
880.000	2386.000
881.000	2454.667
882.000	2222.667
883.000	2138.333
884.000	2277.000
885.000	1982.333
886.000	1757.333
887.000	1748.667
888.000	1768.667
889.000	1950.333
890.000	2446.000
891.000	2443.667
892.000	2508.667
893.000	2493.000
894.000	2141.000
895.000	1922.667
896.000	2073.000
897.000	1886.667
898.000	1743.000
899.000	1624.333
900.000	1727.667
901.000	1951.000
902.000	2280.333
903.000	2032.000
904.000	1791.667
905.000	1728.333
906.000	1715.667
907.000	1656.667
908.000	1819.333
909.000	1891.667
910.000	2081.667
911.000	1952.000
912.000	1859.000
913.000	1904.000
914.000	1987.667
915.000	1844.333
916.000	1964.000
917.000	2015.667
918.000	2186.333
919.000	2455.000
920.000	2621.000
921.000	2186.000
922.000	2013.667
923.000	2061.333
924.000	2259.667
925.000	2400.000
926.000	2534.000
927.000	2198.000
928.000	2011.333
929.000	1976.333
930.000	1977.000
931.000	1826.667
932.000	1812.333
933.000	1852.667
934.000	1893.667
935.000	1841.333
936.000	1785.333
937.000	1693.000
938.000	1689.000
939.000	1783.000
940.000	1920.667
941.000	1825.667
942.000	1918.000
943.000	2101.333
944.000	2211.000
945.000	2078.000
946.000	1934.667
947.000	1785.000
948.000	1833.000
949.000	1883.333
950.000	1960.667
951.000	2108.333
952.000	2303.667
953.000	2089.000
954.000	1907.000
955.000	1860.333
956.000	2093.333
957.000	2336.667
958.000	2632.000
959.000	2466.667
960.000	2170.333
961.000	1767.000
962.000	1650.000
963.000	1697.667
964.000	1832.333
965.000	1757.667
966.000	1806.000
967.000	1838.667
968.000	1841.000
969.000	1688.333
970.000	1826.333
971.000	2035.667
972.000	2235.000
973.000	2170.667
974.000	2004.667
975.000	1910.000
976.000	2053.667
977.000	2107.667
978.000	1985.000
979.000	1920.667
980.000	1981.333
981.000	1950.667
982.000	1903.333
983.000	1812.333
984.000	1874.000
985.000	1847.333
986.000	1911.333
987.000	1874.000
988.000	1915.333
989.000	2009.333
990.000	2228.000
991.000	2305.667
992.000	2282.000
993.000	2133.333
994.000	2019.333
995.000	1890.000
996.000	2019.333
997.000	2190.667
998.000	2103.000
999.000	1840.000
1000.000	1787.000
1001.000	1813.333
1002.000	1960.000
1003.000	1954.667
1004.000	2112.000
1005.000	1842.333
1006.000	1801.333
1007.000	2041.667
1008.000	2229.667
1009.000	2094.667
1010.000	2177.000
1011.000	2135.667
1012.000	2148.333
1013.000	2139.333
1014.000	2168.000
1015.000	2072.667
1016.000	1935.333
1017.000	1689.000
1018.000	1734.667
1019.000	1751.667
1020.000	1704.333
1021.000	1640.000
1022.000	1881.333
1023.000	2067.000
1024.000	2285.000
1025.000	2350.000
1026.000	2319.333
1027.000	2136.667
1028.000	1881.333
1029.000	1768.667
1030.000	2013.333
1031.000	1979.667
1032.000	1906.333
1033.000	1862.333
1034.000	1919.333
1035.000	1880.333
1036.000	1847.333
1037.000	1623.000
1038.000	1592.667
1039.000	1562.000
1040.000	1560.667
1041.000	1562.667
1042.000	1624.333
1043.000	1733.000
1044.000	1879.000
1045.000	2011.333
1046.000	2158.333
1047.000	1957.667
1048.000	1994.000
1049.000	2099.333
1050.000	2080.000
1051.000	2131.000
1052.000	2479.333
1053.000	2429.000
1054.000	2544.333
1055.000	2515.333
1056.000	2177.667
1057.000	1921.000
1058.000	2039.667
1059.000	2285.333
1060.000	2728.000
1061.000	2620.000
1062.000	2257.667
1063.000	2095.333
1064.000	2071.667
1065.000	2011.000
1066.000	2108.333
1067.000	1975.667
1068.000	1920.667
1069.000	1910.000
1070.000	1933.333
1071.000	1782.333
1072.000	1668.667
1073.000	1686.000
1074.000	1894.000
1075.000	1900.667
1076.000	2043.000
1077.000	2293.667
1078.000	2708.667
1079.000	2487.667
1080.000	2193.667
1081.000	2165.667
1082.000	2246.000
1083.000	2152.333
1084.000	2055.333
1085.000	1741.667
1086.000	1677.000
1087.000	1631.000
1088.000	1612.667
1089.000	1647.667
1090.000	1701.667
1091.000	1647.000
1092.000	1709.667
1093.000	1659.667
1094.000	1774.333
1095.000	1840.333
1096.000	1875.000
1097.000	1930.333
1098.000	2264.667
1099.000	2372.333
1100.000	2156.000
1101.000	1760.667
1102.000	1750.333
1103.000	1849.333
1104.000	2075.333
1105.000	2352.000
1106.000	2559.333
1107.000	2268.000
1108.000	2300.667
1109.000	2329.333
1110.000	2459.000
1111.000	2433.667
1112.000	2257.333
1113.000	1934.333
1114.000	1869.333
1115.000	1876.000
1116.000	1788.667
1117.000	1660.000
1118.000	1747.667
1119.000	1914.000
1120.000	2214.667
1121.000	2027.000
1122.000	1877.333
1123.000	1828.333
1124.000	2077.333
1125.000	2345.000
1126.000	2526.333
1127.000	2276.000
1128.000	1974.000
1129.000	1767.667
1130.000	1840.000
1131.000	2017.333
1132.000	2401.000
1133.000	2363.333
1134.000	2295.000
1135.000	1985.667
1136.000	1841.000
1137.000	1795.333
1138.000	1962.000
1139.000	2027.000
1140.000	2230.667
1141.000	2278.667
1142.000	2315.000
1143.000	2272.333
1144.000	2345.333
1145.000	2156.000
1146.000	2244.333
1147.000	2089.000
1148.000	2090.333
1149.000	2505.333
1150.000	2890.333
1151.000	2511.333
1152.000	2245.333
1153.000	2098.333
1154.000	2219.000
1155.000	2241.667
1156.000	2347.000
1157.000	2314.333
1158.000	2434.667
1159.000	2353.667
1160.000	2285.333
1161.000	2200.000
1162.000	2469.333
1163.000	2414.333
1164.000	2040.000
1165.000	1682.000
1166.000	1649.333
1167.000	1637.333
1168.000	1662.667
1169.000	1742.000
1170.000	1910.000
1171.000	2062.333
1172.000	2324.667
1173.000	2263.333
1174.000	2164.667
1175.000	1937.333
1176.000	1661.667
1177.000	1543.667
1178.000	1737.667
1179.000	2014.333
1180.000	2421.000
1181.000	2316.333
1182.000	2366.333
1183.000	2330.333
1184.000	2220.000
1185.000	2039.333
1186.000	2006.333
1187.000	2135.667
1188.000	2304.000
1189.000	2056.000
1190.000	1771.667
1191.000	2095.333
1192.000	2558.333
1193.000	2140.667
1194.000	1883.667
1195.000	2023.333
1196.000	2310.000
1197.000	2380.333
1198.000	2430.000
1199.000	2408.333
1200.000	2307.000
1201.000	2043.333
1202.000	1910.333
1203.000	1966.000
1204.000	2200.333
1205.000	2313.667
1206.000	2676.000
1207.000	2472.667
1208.000	2005.000
1209.000	1887.667
1210.000	2152.333
1211.000	2005.333
1212.000	1814.667
1213.000	1881.333
1214.000	2342.333
1215.000	2512.333
1216.000	2195.000
1217.000	2039.667
1218.000	2158.000
1219.000	2101.000
1220.000	2019.667
1221.000	1921.667
1222.000	2059.000
1223.000	1957.667
1224.000	1860.000
1225.000	1797.333
1226.000	2062.667
1227.000	2065.000
1228.000	1872.333
1229.000	1676.667
1230.000	1861.000
1231.000	2114.667
1232.000	2145.667
1233.000	1864.333
1234.000	1916.000
1235.000	2054.333
1236.000	2162.333
1237.000	2110.333
1238.000	2237.000
1239.000	2029.000
1240.000	1849.333
1241.000	1720.333
1242.000	1789.333
1243.000	2089.667
1244.000	2568.333
1245.000	2377.667
1246.000	2075.333
1247.000	1798.333
1248.000	1744.333
1249.000	1988.000
1250.000	2423.667
1251.000	2202.333
1252.000	2111.333
1253.000	2041.333
1254.000	2008.000
1255.000	1803.000
1256.000	1725.667
1257.000	1759.000
1258.000	2047.000
1259.000	2170.000
1260.000	2276.000
1261.000	2007.667
1262.000	1813.333
1263.000	1760.667
1264.000	2015.333
1265.000	2356.667
1266.000	2474.333
1267.000	2116.667
1268.000	1813.000
1269.000	1763.333
1270.000	2078.000
1271.000	2158.667
1272.000	2173.333
1273.000	2144.333
1274.000	2292.000
1275.000	2664.000
1276.000	2997.667
1277.000	2515.000
1278.000	2158.667
1279.000	2299.000
1280.000	2629.667
1281.000	2446.333
1282.000	2460.333
1283.000	2642.667
1284.000	2652.333
1285.000	2141.667
1286.000	1830.667
1287.000	1780.333
1288.000	1957.667
1289.000	2050.000
1290.000	2001.000
1291.000	1809.333
1292.000	1737.333
1293.000	1649.333
1294.000	1681.000
1295.000	1603.000
1296.000	1538.000
1297.000	1494.667
1298.000	1729.333
1299.000	1917.667
1300.000	2196.333
1301.000	2259.000
1302.000	2180.667
1303.000	2155.333
1304.000	2147.333
1305.000	2007.333
1306.000	2046.333
1307.000	1935.667
1308.000	2064.667
1309.000	2098.000
1310.000	1989.000
1311.000	2112.000
1312.000	2248.667
1313.000	1971.667
1314.000	1846.333
1315.000	1825.000
1316.000	1994.333
1317.000	1864.333
1318.000	1813.667
1319.000	1718.667
1320.000	1852.333
1321.000	2075.000
1322.000	2448.667
1323.000	2245.000
1324.000	2041.667
1325.000	1851.333
1326.000	1847.000
1327.000	1983.333
1328.000	2364.333
1329.000	2302.000
1330.000	2188.000
1331.000	2101.667
1332.000	2111.667
1333.000	1958.000
1334.000	1965.000
1335.000	1892.667
1336.000	1964.333
1337.000	2105.000
1338.000	2296.667
1339.000	2519.333
1340.000	2705.667
1341.000	2414.000
1342.000	2232.000
1343.000	2051.667
1344.000	2142.333
1345.000	2235.333
1346.000	2072.333
1347.000	1796.333
1348.000	1749.000
1349.000	1942.333
1350.000	2515.000
1351.000	2443.333
1352.000	2024.000
1353.000	1876.333
1354.000	2041.333
1355.000	1909.667
1356.000	2030.667
1357.000	2585.333
1358.000	3008.333
1359.000	2442.000
1360.000	2075.333
1361.000	2145.667
1362.000	2491.000
1363.000	2431.333
1364.000	2239.667
1365.000	2150.667
1366.000	2228.667
1367.000	2010.000
1368.000	1783.000
1369.000	1609.667
1370.000	1637.333
1371.000	1889.333
1372.000	2170.000
1373.000	1896.667
1374.000	1716.000
1375.000	1592.000
1376.000	1595.667
1377.000	1689.333
1378.000	1883.000
1379.000	1994.000
1380.000	2257.667
1381.000	2087.667
1382.000	1889.000
1383.000	1899.667
1384.000	2212.000
1385.000	2341.333
1386.000	2417.333
1387.000	2006.667
1388.000	1872.333
1389.000	1982.000
1390.000	2168.000
1391.000	2260.333
1392.000	2252.333
1393.000	2068.667
1394.000	1994.667
1395.000	1856.000
1396.000	1894.000
1397.000	2081.667
1398.000	2412.667
1399.000	2484.333
1400.000	2360.667
1401.000	2108.667
1402.000	2244.667
1403.000	2313.667
1404.000	2031.667
1405.000	1814.667
1406.000	2004.667
1407.000	2081.333
1408.000	2110.667
1409.000	2223.000
1410.000	2384.667
1411.000	2368.667
1412.000	2176.000
1413.000	1789.333
1414.000	1645.333
1415.000	1553.000
1416.000	1566.000
1417.000	1784.333
1418.000	2240.333
1419.000	2142.667
1420.000	1880.667
1421.000	1957.000
1422.000	2288.333
1423.000	2241.667
1424.000	2117.333
1425.000	2053.333
1426.000	2236.000
1427.000	2281.667
1428.000	2153.667
1429.000	1764.667
1430.000	1752.000
1431.000	1766.000
1432.000	1827.000
1433.000	2001.000
1434.000	2276.333
1435.000	2036.667
1436.000	1763.667
1437.000	1765.333
1438.000	1986.667
1439.000	1899.000
1440.000	1834.333
1441.000	1754.333
1442.000	1861.667
1443.000	1708.333
1444.000	1522.667
1445.000	1518.667
1446.000	1929.000
1447.000	2237.333
1448.000	2241.333
1449.000	1898.667
1450.000	1742.000
1451.000	1777.667
1452.000	1959.667
1453.000	2023.333
1454.000	2083.000
1455.000	1896.000
1456.000	1876.333
1457.000	1908.667
1458.000	1958.667
1459.000	1759.333
1460.000	1595.000
1461.000	1476.000
1462.000	1700.000
1463.000	1805.667
1464.000	1834.000
1465.000	1761.667
1466.000	1918.667
1467.000	1898.667
1468.000	1797.667
1469.000	1831.333
1470.000	2010.667
1471.000	1871.000
1472.000	1801.333
1473.000	1951.667
1474.000	2283.000
1475.000	2155.000
1476.000	1849.667
1477.000	1668.333
1478.000	1727.000
1479.000	1593.333
1480.000	1609.667
1481.000	1814.000
1482.000	1980.000
1483.000	1997.667
1484.000	2344.000
1485.000	2598.333
1486.000	2700.333
1487.000	2445.333
1488.000	2165.667
1489.000	1780.333
1490.000	1749.667
1491.000	1766.000
1492.000	1846.000
1493.000	1867.333
1494.000	2119.667
1495.000	2238.667
1496.000	2502.000
1497.000	2329.667
1498.000	2010.333
1499.000	1725.000
1500.000	1613.000
1501.000	1481.333
1502.000	1517.667
1503.000	1686.333
1504.000	1882.000
1505.000	1842.333
1506.000	2098.333
1507.000	2201.667
1508.000	2056.000
1509.000	1955.333
1510.000	2189.667
1511.000	1990.333
1512.000	1962.333
1513.000	1910.000
1514.000	1862.000
1515.000	1750.667
1516.000	1786.667
1517.000	1801.000
1518.000	1853.000
1519.000	1839.667
1520.000	1917.667
1521.000	1861.000
1522.000	1957.333
1523.000	2007.667
1524.000	2144.000
1525.000	2147.667
1526.000	2069.000
1527.000	1902.333
1528.000	1961.667
1529.000	1783.667
1530.000	1679.667
1531.000	1685.000
1532.000	1910.000
1533.000	2177.000
1534.000	2376.333
1535.000	2369.000
1536.000	2206.333
1537.000	2131.667
1538.000	2314.333
1539.000	2644.333
1540.000	3002.667
1541.000	2405.667
1542.000	2082.333
1543.000	2123.333
1544.000	2204.000
1545.000	2104.667
1546.000	2155.667
1547.000	1837.333
1548.000	1614.667
1549.000	1519.000
1550.000	1535.667
1551.000	1528.333
1552.000	1753.333
1553.000	2045.667
1554.000	2317.333
1555.000	2228.333
1556.000	2083.000
1557.000	1917.333
1558.000	1891.667
1559.000	1828.667
1560.000	1902.333
1561.000	2052.333
1562.000	2434.000
1563.000	2296.000
1564.000	2065.000
1565.000	1993.000
1566.000	2271.000
1567.000	2115.000
1568.000	1788.333
1569.000	1596.667
1570.000	1622.667
1571.000	1641.000
1572.000	1708.333
1573.000	1795.333
1574.000	1995.667
1575.000	1955.667
1576.000	1845.000
1577.000	1738.000
1578.000	1734.667
1579.000	1827.000
1580.000	2078.333
1581.000	1969.667
1582.000	1855.000
1583.000	1725.000
1584.000	1685.333
1585.000	2039.667
1586.000	2687.000
1587.000	2538.333
1588.000	2082.333
1589.000	1915.667
1590.000	2129.000
1591.000	2053.333
1592.000	1950.000
1593.000	2078.667
1594.000	2162.667
1595.000	2119.333
1596.000	2414.333
1597.000	2130.667
1598.000	1789.333
1599.000	1647.000
1600.000	1777.667
1601.000	1740.333
1602.000	1818.333
1603.000	1906.000
1604.000	2125.333
1605.000	2044.667
1606.000	1883.000
1607.000	1750.333
1608.000	1765.333
1609.000	1842.333
1610.000	2102.000
1611.000	1897.000
1612.000	1657.667
1613.000	1609.000
1614.000	1994.667
1615.000	2148.000
1616.000	2058.333
1617.000	1764.333
1618.000	1756.333
1619.000	1754.333
1620.000	1721.000
1621.000	1763.000
1622.000	2069.333
1623.000	2175.333
1624.000	2197.667
1625.000	2235.333
1626.000	2599.333
1627.000	2436.333
1628.000	1979.333
1629.000	1745.000
1630.000	1786.667
1631.000	1675.667
1632.000	1624.000
1633.000	1856.000
1634.000	2141.000
1635.000	1959.000
1636.000	1807.000
1637.000	1884.667
1638.000	2231.333
1639.000	2069.333
1640.000	1750.667
1641.000	1680.000
1642.000	2018.667
1643.000	2127.333
1644.000	2138.333
1645.000	2397.667
1646.000	2752.333
1647.000	2429.333
1648.000	2087.667
1649.000	1899.667
1650.000	1956.333
1651.000	1913.667
1652.000	1997.333
1653.000	2147.000
1654.000	2213.667
1655.000	2234.000
1656.000	2164.667
1657.000	2206.333
1658.000	2678.333
1659.000	2789.667
1660.000	2767.667
1661.000	2082.000
1662.000	1680.000
1663.000	1738.333
1664.000	1980.333
1665.000	2011.333
1666.000	2229.000
1667.000	2283.667
1668.000	2148.333
1669.000	1856.667
1670.000	1716.667
1671.000	1562.333
1672.000	1588.333
1673.000	1823.667
1674.000	2297.000
1675.000	2323.333
1676.000	2036.000
1677.000	1962.667
1678.000	2137.000
1679.000	2013.000
1680.000	2034.667
1681.000	2076.333
1682.000	2064.000
1683.000	2160.000
1684.000	2386.667
1685.000	2237.000
1686.000	2249.667
1687.000	2089.000
1688.000	1835.000
1689.000	1680.667
1690.000	1802.667
1691.000	1695.333
1692.000	1642.333
1693.000	1724.667
1694.000	1887.667
1695.000	1853.333
1696.000	1784.667
1697.000	1672.667
1698.000	1746.667
1699.000	1725.333
1700.000	1686.333
1701.000	1610.667
1702.000	1764.333
1703.000	2143.333
1704.000	2726.000
1705.000	2512.333
1706.000	2088.000
1707.000	1985.667
1708.000	1877.000
1709.000	1703.000
1710.000	1808.333
1711.000	1894.000
1712.000	1976.000
1713.000	1914.000
1714.000	2050.667
1715.000	2028.000
1716.000	1917.333
1717.000	1810.667
1718.000	1788.667
1719.000	1897.333
1720.000	2190.333
1721.000	2291.667
1722.000	2410.667
1723.000	2325.000
1724.000	2180.333
1725.000	1993.667
1726.000	2074.000
1727.000	2001.333
1728.000	2064.000
1729.000	2098.333
1730.000	2131.667
1731.000	2193.000
1732.000	2106.000
1733.000	1692.667
1734.000	1627.000
1735.000	1575.000
1736.000	1684.000
1737.000	1781.000
1738.000	1975.667
1739.000	2040.667
1740.000	2032.333
1741.000	2015.333
1742.000	2089.667
1743.000	2100.333
1744.000	2152.667
1745.000	1991.000
1746.000	1910.667
1747.000	1962.000
1748.000	2193.000
1749.000	2118.333
1750.000	2124.667
1751.000	2147.000
1752.000	1995.000
1753.000	1694.000
1754.000	1776.667
1755.000	1874.000
1756.000	2153.000
1757.000	2136.333
1758.000	2016.333
1759.000	2004.000
1760.000	2184.667
1761.000	2201.000
1762.000	2275.667
1763.000	2183.333
1764.000	1909.667
1765.000	1792.333
1766.000	2017.000
1767.000	1824.667
1768.000	1677.333
1769.000	1655.000
1770.000	1869.333
1771.000	1818.000
1772.000	1870.667
1773.000	1792.667
1774.000	1871.333
1775.000	2086.667
1776.000	2414.667
1777.000	2530.667
1778.000	2628.333
1779.000	2420.667
1780.000	2395.667
1781.000	2161.333
1782.000	2181.667
1783.000	2300.333
1784.000	2460.333
1785.000	2106.333
1786.000	2007.000
1787.000	2206.000
1788.000	2380.667
1789.000	1995.667
1790.000	1750.333
1791.000	1749.000
1792.000	1912.333
1793.000	1966.667
1794.000	2401.667
1795.000	2441.333
1796.000	2291.667
1797.000	1936.000
1798.000	1698.667
1799.000	1766.333
1800.000	2132.667
1801.000	2307.333
1802.000	2349.000
1803.000	2007.667
1804.000	1834.000
1805.000	1691.667
1806.000	1773.000
1807.000	1673.667
1808.000	1662.000
1809.000	1768.000
1810.000	2078.000
1811.000	2101.667
1812.000	2146.333
1813.000	2440.667
1814.000	2978.667
1815.000	2759.000
1816.000	2353.667
1817.000	2047.000
1818.000	1904.667
1819.000	2033.333
1820.000	2245.667
1821.000	2194.000
1822.000	2255.000
1823.000	2037.000
1824.000	1974.333
1825.000	1947.333
1826.000	1911.000
1827.000	1846.000
1828.000	1838.667
1829.000	2018.000
1830.000	2342.667
1831.000	2311.333
1832.000	2527.000
1833.000	2257.000
1834.000	2090.000
1835.000	2012.333
1836.000	2010.667
1837.000	1890.667
1838.000	1881.000
1839.000	1826.667
1840.000	1862.000
1841.000	1880.667
1842.000	2078.000
1843.000	2204.333
1844.000	2174.000
1845.000	2045.667
1846.000	1972.667
1847.000	1947.333
1848.000	2038.000
1849.000	2000.667
1850.000	1925.667
1851.000	1762.667
1852.000	1725.333
1853.000	1823.667
1854.000	2203.333
1855.000	2277.667
1856.000	2158.667
1857.000	2071.667
1858.000	2174.667
1859.000	2058.000
1860.000	1953.000
1861.000	1903.000
1862.000	1920.667
1863.000	1950.333
1864.000	2212.000
1865.000	2278.667
1866.000	2449.667
1867.000	2485.333
1868.000	2402.000
1869.000	2102.000
1870.000	1751.000
1871.000	1667.000
1872.000	1761.000
1873.000	1913.000
1874.000	2300.667
1875.000	2284.667
1876.000	2592.333
1877.000	2710.333
1878.000	2297.667
1879.000	1958.000
1880.000	1848.333
1881.000	2128.333
1882.000	2673.000
1883.000	2439.000
1884.000	2189.000
1885.000	1804.667
1886.000	1753.667
1887.000	1880.000
1888.000	2211.333
1889.000	2122.667
1890.000	2094.333
1891.000	2141.667
1892.000	2118.667
1893.000	1816.000
1894.000	1840.667
1895.000	1936.333
1896.000	1920.333
1897.000	1871.333
1898.000	2154.000
1899.000	2585.667
1900.000	3092.333
1901.000	2550.333
1902.000	1963.000
1903.000	1747.000
1904.000	1765.667
1905.000	1864.667
1906.000	2132.000
1907.000	1871.667
1908.000	1748.333
1909.000	1771.667
1910.000	1988.667
1911.000	1874.000
1912.000	1714.333
1913.000	1581.333
1914.000	1655.000
1915.000	1678.000
1916.000	1699.000
1917.000	1661.667
1918.000	1706.667
1919.000	1757.000
1920.000	1739.000
1921.000	1633.333
1922.000	1688.000
1923.000	1731.667
1924.000	1911.667
1925.000	1986.333
1926.000	2070.667
1927.000	1886.333
1928.000	1793.333
1929.000	1934.333
1930.000	2272.333
1931.000	2394.333
1932.000	2285.000
1933.000	1971.333
1934.000	1899.000
1935.000	2089.000
1936.000	2385.667
1937.000	2211.667
1938.000	2151.333
1939.000	2176.333
1940.000	2205.000
1941.000	2372.000
1942.000	2767.667
1943.000	2539.333
1944.000	2043.667
1945.000	1958.000
1946.000	2211.000
1947.000	2072.000
1948.000	1920.667
1949.000	1758.333
1950.000	1811.333
1951.000	1827.333
1952.000	1743.333
1953.000	1593.000
1954.000	1772.000
1955.000	1890.667
1956.000	1808.667
1957.000	1817.667
1958.000	2133.667
1959.000	2241.333
1960.000	2318.000
1961.000	2241.000
1962.000	2286.000
1963.000	2155.000
1964.000	2065.667
1965.000	1783.333
1966.000	1622.333
1967.000	1857.000
1968.000	2468.333
1969.000	2603.667
1970.000	2451.333
1971.000	2086.667
1972.000	1831.333
1973.000	1791.667
1974.000	2001.667
1975.000	2205.000
1976.000	2431.000
1977.000	2006.667
1978.000	1776.667
1979.000	1843.667
1980.000	1888.667
1981.000	1710.333
1982.000	1690.333
1983.000	1613.333
1984.000	1588.333
1985.000	1592.000
1986.000	1796.333
1987.000	1849.333
1988.000	1859.333
1989.000	1967.333
1990.000	2277.000
1991.000	2228.000
1992.000	1920.000
1993.000	1644.333
1994.000	1681.000
1995.000	1739.667
1996.000	1877.667
1997.000	1779.000
1998.000	1612.000
1999.000	1515.333
2000.000	1578.333
2001.000	1613.667
2002.000	1889.333
2003.000	1951.333
2004.000	1865.667
2005.000	1943.667
2006.000	2123.667
2007.000	2202.000
2008.000	2338.000
2009.000	2179.000
2010.000	2263.667
2011.000	2094.333
2012.000	1896.333
2013.000	1726.667
2014.000	1738.000
2015.000	2004.667
2016.000	2390.667
2017.000	2148.667
2018.000	1989.000
2019.000	2050.333
2020.000	2379.333
2021.000	2425.333
2022.000	2520.333
2023.000	2250.333
2024.000	2030.000
2025.000	2027.000
2026.000	2211.000
2027.000	2311.667
2028.000	2355.333
2029.000	2032.333
2030.000	1876.000
2031.000	1849.333
2032.000	2006.000
2033.000	2162.667
2034.000	2272.333
2035.000	2069.333
2036.000	1920.000
2037.000	1747.667
2038.000	1830.333
2039.000	2046.000
2040.000	2261.667
2041.000	2086.333
2042.000	2014.000
2043.000	2114.333
2044.000	2199.667
2045.000	1941.667
2046.000	1891.000
2047.000	1964.333
2048.000	2090.667
2049.000	2107.667
2050.000	2204.000
2051.000	1986.667
2052.000	1878.000
2053.000	1718.667
2054.000	1875.000
2055.000	2090.333
2056.000	2183.000
2057.000	1993.000
2058.000	1833.667
2059.000	1699.333
2060.000	1647.667
2061.000	1552.667
2062.000	1663.333
2063.000	1683.000
2064.000	1757.667
2065.000	1985.333
2066.000	2306.000
2067.000	2205.000
2068.000	1897.000
2069.000	1592.333
2070.000	1543.333
2071.000	1702.667
2072.000	1960.667
2073.000	2057.000
2074.000	2334.333
2075.000	2220.333
2076.000	1932.333
2077.000	1779.000
2078.000	1938.667
2079.000	2012.667
2080.000	2060.667
2081.000	2182.667
2082.000	2307.667
2083.000	2139.000
2084.000	2118.333
2085.000	1948.000
2086.000	1996.333
2087.000	1968.000
2088.000	2093.000
2089.000	2108.667
2090.000	2097.000
2091.000	2113.667
2092.000	2326.333
2093.000	2061.333
2094.000	1932.333
2095.000	2189.333
2096.000	2561.333
2097.000	2283.667
2098.000	2045.000
2099.000	1877.000
2100.000	1761.000
2101.000	1678.000
2102.000	1730.000
2103.000	1592.667
2104.000	1566.333
2105.000	1746.333
2106.000	1964.667
2107.000	1882.667
2108.000	1759.333
2109.000	1493.333
2110.000	1513.667
2111.000	1762.333
2112.000	2010.333
2113.000	1958.000
2114.000	2002.000
2115.000	1796.667
2116.000	1782.667
2117.000	2046.667
2118.000	2367.000
2119.000	2391.000
2120.000	2459.333
2121.000	2084.000
2122.000	1882.333
2123.000	1957.667
2124.000	2329.667
2125.000	2378.333
2126.000	2340.667
2127.000	2183.000
2128.000	2245.000
2129.000	1917.333
2130.000	1747.667
2131.000	1698.333
2132.000	1635.667
2133.000	1680.667
2134.000	1698.000
2135.000	1554.000
2136.000	1557.667
2137.000	1702.333
2138.000	1985.000
2139.000	1727.333
2140.000	1454.333
2141.000	1437.667
2142.000	1635.667
2143.000	1782.000
2144.000	2055.667
2145.000	2024.333
2146.000	1929.333
2147.000	1890.333
2148.000	1953.667
2149.000	2044.333
2150.000	2254.667
2151.000	1999.667
2152.000	1881.333
2153.000	1820.333
2154.000	1856.000
2155.000	1954.000
2156.000	2170.667
2157.000	2205.000
2158.000	2127.333
2159.000	2065.333
2160.000	2213.667
2161.000	2180.333
2162.000	2226.000
2163.000	2211.333
2164.000	2165.000
2165.000	1845.333
2166.000	1654.667
2167.000	1574.333
2168.000	1831.333
2169.000	2152.333
2170.000	2298.667
2171.000	1966.333
2172.000	1874.667
2173.000	2186.000
2174.000	2543.667
2175.000	2307.333
2176.000	1980.000
2177.000	1638.000
2178.000	1554.000
2179.000	1537.000
2180.000	1729.000
2181.000	2185.333
2182.000	2503.000
2183.000	2031.667
2184.000	1691.333
2185.000	1902.000
2186.000	2323.000
2187.000	2004.333
2188.000	1725.333
2189.000	1776.667
2190.000	2086.333
2191.000	2040.000
2192.000	1856.667
2193.000	1762.667
2194.000	1940.333
2195.000	1991.000
2196.000	2184.333
2197.000	2029.333
2198.000	1932.333
2199.000	2001.000
2200.000	2184.000
2201.000	2021.667
2202.000	1874.000
2203.000	1884.667
2204.000	2027.667
2205.000	1964.000
2206.000	2051.667
2207.000	2223.667
2208.000	2406.333
2209.000	2313.000
2210.000	2290.667
2211.000	2073.667
2212.000	1790.333
2213.000	1715.667
2214.000	1832.667
2215.000	1872.333
2216.000	2042.333
2217.000	2156.000
2218.000	2133.333
2219.000	1940.667
2220.000	1901.000
2221.000	1775.667
2222.000	1673.667
2223.000	1794.667
2224.000	2216.333
2225.000	2223.667
2226.000	2314.333
2227.000	2521.333
2228.000	2732.000
2229.000	2512.000
2230.000	2777.667
2231.000	2870.667
2232.000	2581.333
2233.000	2050.000
2234.000	1790.667
2235.000	1592.333
2236.000	1588.667
2237.000	1561.333
2238.000	1798.667
2239.000	2139.667
2240.000	2396.667
2241.000	2384.667
2242.000	2391.000
2243.000	1977.667
2244.000	1786.333
2245.000	1675.000
2246.000	1581.667
2247.000	1639.667
2248.000	1900.333
2249.000	1982.000
2250.000	2226.667
2251.000	2072.667
2252.000	1828.000
2253.000	1692.667
2254.000	1871.000
2255.000	1807.667
2256.000	1823.000
2257.000	1821.000
2258.000	2064.333
2259.000	2233.000
2260.000	2154.667
2261.000	1953.333
2262.000	2003.000
2263.000	2145.000
2264.000	2442.000
2265.000	2286.667
2266.000	2140.333
2267.000	1974.333
2268.000	1949.333
2269.000	1809.333
2270.000	1857.000
2271.000	1920.333
2272.000	1795.333
2273.000	1609.333
2274.000	1627.667
2275.000	1594.333
2276.000	1631.667
2277.000	1898.333
2278.000	2263.333
2279.000	2506.667
2280.000	2720.000
2281.000	2221.667
2282.000	1834.667
2283.000	1787.000
2284.000	1885.667
2285.000	1784.333
2286.000	1759.667
2287.000	1639.667
2288.000	1787.000
2289.000	1892.667
2290.000	1989.667
2291.000	1846.667
2292.000	1761.333
2293.000	1968.000
2294.000	2532.333
2295.000	2466.667
2296.000	2297.667
2297.000	2218.667
2298.000	2095.667
2299.000	1873.000
2300.000	1778.667
2301.000	1606.333
2302.000	1615.667
2303.000	1695.667
2304.000	1857.333
2305.000	1846.667
2306.000	1768.667
2307.000	1720.000
2308.000	1905.000
2309.000	2080.000
2310.000	2251.000
2311.000	2211.000
2312.000	2183.000
2313.000	2286.333
2314.000	2413.667
2315.000	2368.333
2316.000	2535.333
2317.000	2221.000
2318.000	1838.667
2319.000	1611.000
2320.000	1699.667
2321.000	1851.333
2322.000	2075.333
2323.000	2001.333
2324.000	1957.000
2325.000	2075.333
2326.000	2334.667
2327.000	2279.333
2328.000	2089.333
2329.000	1814.667
2330.000	1857.333
2331.000	2000.000
2332.000	2168.667
2333.000	1781.000
2334.000	1606.667
2335.000	1585.000
2336.000	1792.000
2337.000	1970.667
2338.000	2038.333
2339.000	2108.667
2340.000	2450.333
2341.000	2355.333
2342.000	2185.333
2343.000	2017.667
2344.000	1795.667
2345.000	1716.667
2346.000	1828.667
2347.000	1681.333
2348.000	1665.667
2349.000	1723.000
2350.000	2107.000
2351.000	2312.333
2352.000	2228.333
2353.000	2177.667
2354.000	2365.000
2355.000	2336.333
2356.000	2319.000
2357.000	2295.667
2358.000	2032.333
2359.000	1852.667
2360.000	1954.333
2361.000	2067.000
2362.000	2286.000
2363.000	2110.000
2364.000	1995.333
2365.000	1906.333
2366.000	2041.333
2367.000	1870.333
2368.000	1862.333
2369.000	1847.333
2370.000	1887.000
2371.000	2012.000
2372.000	2402.000
2373.000	2462.000
2374.000	2342.333
2375.000	1976.000
2376.000	1906.333
2377.000	1832.667
2378.000	1943.667
2379.000	1877.667
2380.000	1969.667
2381.000	2281.333
2382.000	2609.333
2383.000	2264.000
2384.000	1911.667
2385.000	1790.000
2386.000	1811.333
2387.000	1770.667
2388.000	1916.667
2389.000	1973.667
2390.000	2146.667
2391.000	2133.000
2392.000	2199.333
2393.000	2072.667
2394.000	1975.667
2395.000	1856.667
2396.000	1739.000
2397.000	1649.667
2398.000	1752.000
2399.000	1581.667
2400.000	1412.667
2401.000	1503.333
2402.000	1766.333
2403.000	1850.333
2404.000	1831.333
2405.000	1941.333
2406.000	2164.333
2407.000	1851.333
2408.000	1767.667
2409.000	1859.667
2410.000	1900.667
2411.000	1882.000
2412.000	1949.333
2413.000	1979.667
2414.000	1863.667
2415.000	1795.000
2416.000	1899.333
2417.000	2063.000
2418.000	2258.667
2419.000	1943.667
2420.000	1673.333
2421.000	1706.000
2422.000	2034.000
2423.000	1972.000
2424.000	1688.000
2425.000	1630.667
2426.000	1953.333
2427.000	1968.667
2428.000	2019.333
2429.000	2470.000
2430.000	2637.667
2431.000	2022.000
2432.000	1624.000
2433.000	1669.333
2434.000	2013.667
2435.000	2275.333
2436.000	2369.333
2437.000	2045.667
2438.000	1817.667
2439.000	1771.000
2440.000	1802.000
2441.000	1693.000
2442.000	1692.667
2443.000	1810.667
2444.000	1989.333
2445.000	1840.667
2446.000	1899.000
2447.000	1900.333
2448.000	1808.667
2449.000	1586.333
2450.000	1521.333
2451.000	1470.333
2452.000	1678.333
2453.000	1792.333
2454.000	1886.000
2455.000	2024.333
2456.000	2417.333
2457.000	2313.333
2458.000	2053.000
2459.000	1926.667
2460.000	2098.667
2461.000	2051.000
2462.000	1908.667
2463.000	1711.000
2464.000	1643.000
2465.000	1527.333
2466.000	1653.667
2467.000	1762.000
2468.000	1890.333
2469.000	1833.000
2470.000	1949.333
2471.000	1835.000
2472.000	1808.000
2473.000	2121.667
2474.000	2446.333
2475.000	2420.000
2476.000	2504.667
2477.000	2330.000
2478.000	2303.667
2479.000	2068.333
2480.000	1768.333
2481.000	1592.000
2482.000	1707.667
2483.000	1570.667
2484.000	1494.667
2485.000	1459.667
2486.000	1755.000
2487.000	2224.333
2488.000	2540.667
2489.000	2406.000
2490.000	2207.000
2491.000	1838.333
2492.000	1638.667
2493.000	1642.333
2494.000	1941.000
2495.000	2221.667
2496.000	2227.333
2497.000	2136.000
2498.000	2439.667
2499.000	2160.667
2500.000	1885.000
2501.000	1798.000
2502.000	1894.000
2503.000	1862.000
2504.000	1715.333
2505.000	1748.333
2506.000	2030.000
2507.000	2022.333
2508.000	1994.000
2509.000	1748.000
2510.000	1682.667
2511.000	1825.000
2512.000	2130.000
2513.000	2171.667
2514.000	2219.333
2515.000	2114.333
2516.000	2038.333
2517.000	2094.000
2518.000	2609.333
2519.000	2466.667
2520.000	2177.667
2521.000	1749.333
2522.000	1474.667
2523.000	1648.667
2524.000	2048.667
2525.000	2202.667
2526.000	2350.667
2527.000	2136.333
2528.000	1924.333
2529.000	1779.667
2530.000	1823.333
2531.000	1730.667
2532.000	1679.000
2533.000	1567.000
2534.000	1651.000
2535.000	1694.667
2536.000	1800.667
2537.000	1668.667
2538.000	1827.000
2539.000	1863.667
2540.000	1757.000
2541.000	1616.667
2542.000	1641.000
2543.000	1636.333
2544.000	1785.667
2545.000	2107.333
2546.000	2417.333
2547.000	2356.333
2548.000	2635.000
2549.000	2744.667
2550.000	2431.000
2551.000	1999.000
2552.000	1800.667
2553.000	1641.667
2554.000	1806.667
2555.000	1869.333
2556.000	1787.333
2557.000	1596.000
2558.000	1902.000
2559.000	2167.333
2560.000	2264.000
2561.000	2149.000
2562.000	2202.667
2563.000	1969.667
2564.000	1638.667
2565.000	1628.333
2566.000	1978.667
2567.000	2053.333
2568.000	1914.667
2569.000	1933.000
2570.000	2135.667
2571.000	2046.333
2572.000	2064.667
2573.000	1959.000
2574.000	1932.333
2575.000	1999.333
2576.000	2139.000
2577.000	2275.667
2578.000	2495.000
2579.000	2476.333
2580.000	2308.333
2581.000	2073.333
2582.000	2062.333
2583.000	2014.667
2584.000	1895.000
2585.000	1811.667
2586.000	2060.667
2587.000	2001.000
2588.000	1953.000
2589.000	2020.667
2590.000	2413.333
2591.000	2368.000
2592.000	2190.000
2593.000	1942.667
2594.000	1922.667
2595.000	1888.667
2596.000	1869.667
2597.000	1853.667
2598.000	2039.667
2599.000	2014.000
2600.000	1930.333
2601.000	1691.000
2602.000	1672.333
2603.000	1748.667
2604.000	1806.667
2605.000	1759.000
2606.000	1727.000
2607.000	1713.000
2608.000	1948.333
2609.000	1777.333
2610.000	1717.667
2611.000	1753.333
2612.000	1826.333
2613.000	1857.333
2614.000	1980.000
2615.000	1859.000
2616.000	2014.333
2617.000	2255.667
2618.000	2283.000
2619.000	1886.000
2620.000	1677.000
2621.000	1651.667
2622.000	1714.333
2623.000	1577.667
2624.000	1485.000
2625.000	1513.667
2626.000	1756.333
2627.000	1668.667
2628.000	1532.000
2629.000	1544.667
2630.000	1771.333
2631.000	1812.667
2632.000	1789.667
2633.000	1790.667
2634.000	1925.667
2635.000	1811.667
2636.000	1775.333
2637.000	1707.000
2638.000	1791.667
2639.000	1969.333
2640.000	2295.667
2641.000	2365.667
2642.000	2408.000
2643.000	2427.000
2644.000	2350.000
2645.000	2217.333
2646.000	2129.667
2647.000	1980.667
2648.000	1894.000
2649.000	1890.667
2650.000	2055.667
2651.000	2044.667
2652.000	2130.000
2653.000	2034.667
2654.000	1974.667
2655.000	1872.000
2656.000	1858.667
2657.000	1967.333
2658.000	2202.667
2659.000	2082.333
2660.000	1830.000
2661.000	1790.667
2662.000	1973.667
2663.000	1909.667
2664.000	1711.333
2665.000	1529.333
2666.000	1653.333
2667.000	1690.000
2668.000	1759.333
2669.000	1902.667
2670.000	2046.333
2671.000	1803.000
2672.000	1752.667
2673.000	2032.667
2674.000	2451.667
2675.000	2114.667
2676.000	1781.667
2677.000	1713.333
2678.000	1890.333
2679.000	1750.000
2680.000	1593.333
2681.000	1616.667
2682.000	1867.667
2683.000	1927.000
2684.000	2069.333
2685.000	2098.667
2686.000	2329.000
2687.000	2345.000
2688.000	2158.000
2689.000	1890.667
2690.000	1944.667
2691.000	1942.333
2692.000	1856.333
2693.000	1762.333
2694.000	1857.000
2695.000	1861.667
2696.000	1854.000
2697.000	1826.667
2698.000	1917.000
2699.000	1948.000
2700.000	2038.000
2701.000	1898.333
2702.000	1776.667
2703.000	1934.667
2704.000	2213.000
2705.000	2208.667
2706.000	2167.333
2707.000	2237.333
2708.000	2349.667
2709.000	2067.667
2710.000	1899.000
2711.000	1950.000
2712.000	2014.333
2713.000	1795.333
2714.000	1815.000
2715.000	1873.000
2716.000	1809.333
2717.000	1730.000
2718.000	1810.000
2719.000	1759.667
2720.000	1822.333
2721.000	1787.333
2722.000	1895.000
2723.000	2041.333
2724.000	2048.667
2725.000	1731.000
2726.000	1708.000
2727.000	1854.333
2728.000	2128.333
2729.000	2226.667
2730.000	2132.667
2731.000	2022.000
2732.000	2014.000
2733.000	1748.333
2734.000	1762.667
2735.000	1869.667
2736.000	1926.333
2737.000	1962.000
2738.000	2109.333
2739.000	2005.667
2740.000	2119.667
2741.000	2055.000
2742.000	2105.667
2743.000	2339.667
2744.000	2529.000
2745.000	2291.333
2746.000	2347.333
2747.000	2457.667
2748.000	2395.667
2749.000	1988.667
2750.000	1797.333
2751.000	1872.667
2752.000	2025.000
2753.000	1719.667
2754.000	1767.667
2755.000	2365.333
2756.000	2927.667
2757.000	2514.333
2758.000	2268.333
2759.000	2169.333
2760.000	2030.333
2761.000	1867.000
2762.000	1921.000
2763.000	1714.667
2764.000	1539.333
2765.000	1503.333
2766.000	1738.333
2767.000	1952.333
2768.000	2213.000
2769.000	2281.333
2770.000	2212.333
2771.000	2009.333
2772.000	2217.667
2773.000	2132.000
2774.000	1949.000
2775.000	1982.000
2776.000	2104.333
2777.000	1980.333
2778.000	1880.667
2779.000	1812.333
2780.000	1826.667
2781.000	1820.667
2782.000	1939.000
2783.000	2031.333
2784.000	2090.000
2785.000	2286.333
2786.000	2489.667
2787.000	2118.667
2788.000	1975.000
2789.000	1819.667
2790.000	1820.667
2791.000	1767.333
2792.000	1770.667
2793.000	1785.667
2794.000	1801.333
2795.000	1658.333
2796.000	1637.000
2797.000	1578.333
2798.000	1654.000
2799.000	1613.333
2800.000	1647.667
2801.000	1667.000
2802.000	1852.333
2803.000	1892.333
2804.000	1968.667
2805.000	1845.333
2806.000	1931.667
2807.000	2026.333
2808.000	2021.333
2809.000	2060.000
2810.000	2256.333
2811.000	2015.333
2812.000	1815.667
2813.000	1697.333
2814.000	1709.000
2815.000	1687.000
2816.000	1847.333
2817.000	1959.667
2818.000	1980.667
2819.000	1746.000
2820.000	1875.667
2821.000	2299.667
2822.000	2767.333
2823.000	2616.667
2824.000	2174.333
2825.000	1934.000
2826.000	2025.333
2827.000	1927.667
2828.000	1879.333
2829.000	1729.000
2830.000	1765.667
2831.000	1717.333
2832.000	1741.667
2833.000	1845.000
2834.000	2200.333
2835.000	2154.667
2836.000	1834.000
2837.000	1569.667
2838.000	1825.333
2839.000	2244.333
2840.000	2447.333
2841.000	2226.667
2842.000	1966.667
2843.000	1850.667
2844.000	2061.000
2845.000	2098.333
2846.000	2020.000
2847.000	2011.000
2848.000	1967.333
2849.000	1760.333
2850.000	1934.000
2851.000	2079.667
2852.000	2082.000
2853.000	2050.667
2854.000	2153.000
2855.000	1991.000
2856.000	1902.667
2857.000	1779.667
2858.000	1853.000
2859.000	1855.333
2860.000	1915.333
2861.000	1787.667
2862.000	1782.667
2863.000	1945.667
2864.000	2285.667
2865.000	2325.667
2866.000	2237.333
2867.000	1992.000
2868.000	1804.000
2869.000	1808.000
2870.000	2036.000
2871.000	1975.333
2872.000	1843.333
2873.000	1750.333
2874.000	1883.667
2875.000	1777.667
2876.000	1878.667
2877.000	2044.333
2878.000	2126.667
2879.000	1794.333
2880.000	1810.667
2881.000	2096.667
2882.000	2335.333
2883.000	2351.667
2884.000	2466.667
2885.000	2144.000
2886.000	1845.667
2887.000	1851.667
2888.000	2066.333
2889.000	1855.000
2890.000	1738.333
2891.000	1634.000
2892.000	1604.667
2893.000	1646.667
2894.000	2032.000
2895.000	2125.333
2896.000	1960.333
2897.000	1701.000
2898.000	1657.667
2899.000	1814.667
2900.000	2124.333
2901.000	2274.667
2902.000	2434.000
2903.000	2025.000
2904.000	1796.333
2905.000	1962.667
2906.000	2135.333
2907.000	1885.000
2908.000	1564.333
2909.000	1468.000
2910.000	1705.333
2911.000	1859.333
2912.000	2047.333
2913.000	2022.333
2914.000	1996.000
2915.000	1910.333
2916.000	1812.333
2917.000	1767.667
2918.000	2016.667
2919.000	2011.667
2920.000	2139.333
2921.000	2220.667
2922.000	2297.333
2923.000	2133.667
2924.000	2065.333
2925.000	1791.333
2926.000	1648.333
2927.000	1507.333
2928.000	1445.000
2929.000	1592.667
2930.000	1938.333
2931.000	2200.333
2932.000	2220.667
2933.000	1852.667
2934.000	1747.667
2935.000	1876.667
2936.000	2030.667
2937.000	2163.667
2938.000	2291.333
2939.000	2081.667
2940.000	1777.000
2941.000	1510.000
2942.000	1725.000
2943.000	1874.000
2944.000	1835.000
2945.000	1822.000
2946.000	2106.667
2947.000	2057.000
2948.000	1814.000
2949.000	1670.333
2950.000	1956.333
2951.000	2116.667
2952.000	1939.000
2953.000	1760.000
2954.000	1908.333
2955.000	1806.333
2956.000	1788.667
2957.000	1747.667
2958.000	1988.000
2959.000	2257.000
2960.000	2401.333
2961.000	1916.000
2962.000	1612.667
2963.000	1671.333
2964.000	1921.000
2965.000	1976.667
2966.000	2268.667
2967.000	2204.667
2968.000	2214.667
2969.000	2119.333
2970.000	2028.000
2971.000	2005.667
2972.000	2005.667
2973.000	1880.333
2974.000	1853.333
2975.000	1777.333
2976.000	1771.333
2977.000	1713.000
2978.000	1738.333
2979.000	1602.333
2980.000	1605.333
2981.000	1645.000
2982.000	1738.333
2983.000	1814.333
2984.000	2109.333
2985.000	2360.667
2986.000	2616.000
2987.000	2351.000
2988.000	2020.333
2989.000	1709.000
2990.000	1620.667
2991.000	1705.333
2992.000	2211.000
2993.000	2469.667
2994.000	2505.000
2995.000	2080.667
2996.000	1845.667
2997.000	1746.000
2998.000	1908.333
2999.000	2167.333
3000.000	2424.667
3001.000	1956.000
3002.000	1768.333
3003.000	1989.000
3004.000	2292.333
3005.000	2087.000
3006.000	2017.333
3007.000	1968.000
3008.000	2114.333
3009.000	2041.333
3010.000	1972.000
3011.000	1991.333
3012.000	2190.333
3013.000	2210.667
3014.000	2134.000
3015.000	2122.667
3016.000	2187.333
3017.000	2221.667
3018.000	2357.333
3019.000	2029.000
3020.000	1761.667
3021.000	1624.333
3022.000	1871.000
3023.000	2349.667
3024.000	2617.000
3025.000	2278.333
3026.000	1990.000
3027.000	1820.667
3028.000	1821.000
3029.000	2115.000
3030.000	2818.000
3031.000	2757.333
3032.000	2190.000
3033.000	1771.000
3034.000	1851.333
3035.000	1901.667
3036.000	1916.667
3037.000	1946.333
3038.000	2063.667
3039.000	1826.000
3040.000	1632.000
3041.000	1560.000
3042.000	1844.000
3043.000	1976.333
3044.000	2024.000
3045.000	1911.333
3046.000	1873.000
3047.000	1795.667
3048.000	1693.667
3049.000	1779.000
3050.000	2129.667
3051.000	1936.000
3052.000	1655.667
3053.000	1536.667
3054.000	1584.333
3055.000	1525.000
3056.000	1588.000
3057.000	1887.333
3058.000	2337.333
3059.000	2241.000
3060.000	2165.667
3061.000	2021.000
3062.000	1985.000
3063.000	1880.667
3064.000	1854.667
3065.000	1857.000
3066.000	2207.333
3067.000	2248.000
3068.000	2198.000
3069.000	2101.667
3070.000	2276.667
3071.000	2221.000
3072.000	2040.000
3073.000	1857.333
3074.000	1974.333
3075.000	2108.000
3076.000	2338.000
3077.000	2253.333
3078.000	2258.000
3079.000	2084.667
3080.000	1889.667
3081.000	1816.333
3082.000	1843.333
3083.000	1642.000
3084.000	1493.667
3085.000	1687.000
3086.000	2211.333
3087.000	1911.667
3088.000	1672.000
3089.000	1802.667
3090.000	2146.333
3091.000	2201.333
3092.000	2136.667
3093.000	1942.667
3094.000	1926.000
3095.000	2104.333
3096.000	2203.333
3097.000	1943.000
3098.000	1920.000
3099.000	1948.333
3100.000	1874.000
3101.000	1648.667
3102.000	1675.333
3103.000	1702.667
3104.000	1659.000
3105.000	1640.333
3106.000	1917.000
3107.000	2133.667
3108.000	2139.000
3109.000	2213.667
3110.000	2539.667
3111.000	2163.333
3112.000	1825.000
3113.000	1748.000
3114.000	1896.000
3115.000	2132.667
3116.000	2483.000
3117.000	2431.667
3118.000	2522.000
3119.000	2404.667
3120.000	2329.000
3121.000	2461.667
3122.000	2774.667
3123.000	2528.000
3124.000	2149.667
3125.000	2070.333
3126.000	2182.333
3127.000	1987.000
3128.000	1891.667
3129.000	1941.000
3130.000	2173.000
3131.000	2241.333
3132.000	2344.000
3133.000	2256.000
3134.000	2551.667
3135.000	2621.333
3136.000	2292.000
3137.000	1913.333
3138.000	1794.667
3139.000	1728.667
3140.000	1793.000
3141.000	1846.333
3142.000	2090.333
3143.000	2281.333
3144.000	2246.333
3145.000	1995.000
3146.000	1916.000
3147.000	1804.333
3148.000	1750.333
3149.000	1733.000
3150.000	1661.667
3151.000	1570.000
3152.000	1639.667
3153.000	1722.667
3154.000	1793.000
3155.000	1675.667
3156.000	1694.000
3157.000	1667.667
3158.000	1809.667
3159.000	1768.333
3160.000	1772.333
3161.000	1731.667
3162.000	1768.000
3163.000	1853.000
3164.000	2133.667
3165.000	2266.667
3166.000	2333.667
3167.000	2315.667
3168.000	2544.333
3169.000	2348.667
3170.000	2139.667
3171.000	1949.667
3172.000	1889.333
3173.000	1649.000
3174.000	1538.000
3175.000	1465.333
3176.000	1609.333
3177.000	1695.333
3178.000	1818.667
3179.000	1645.333
3180.000	1669.000
3181.000	1679.000
3182.000	1801.333
3183.000	1912.333
3184.000	1936.667
3185.000	1826.000
3186.000	1937.000
3187.000	1760.667
3188.000	1679.333
3189.000	1713.333
3190.000	1989.333
3191.000	1933.000
3192.000	1715.667
3193.000	1529.333
3194.000	1626.000
3195.000	1712.667
3196.000	1719.000
3197.000	1842.000
3198.000	2209.000
3199.000	2152.000
3200.000	2140.333
3201.000	2126.667
3202.000	2078.667
3203.000	1780.333
3204.000	1558.000
3205.000	1523.667
3206.000	1911.000
3207.000	1980.000
3208.000	1815.000
3209.000	1679.667
3210.000	1960.333
3211.000	2078.667
3212.000	2040.667
3213.000	1893.000
3214.000	1908.333
3215.000	2002.333
3216.000	2208.667
3217.000	2332.000
3218.000	2631.000
3219.000	2367.000
3220.000	2231.667
3221.000	2391.000
3222.000	2576.000
3223.000	2453.333
3224.000	2223.333
3225.000	1924.000
3226.000	2168.333
3227.000	2420.333
3228.000	2289.333
3229.000	2022.000
3230.000	2071.000
3231.000	1981.333
3232.000	1812.667
3233.000	1658.333
3234.000	1663.667
3235.000	1653.333
3236.000	1727.000
3237.000	1795.667
3238.000	1924.667
3239.000	1994.333
3240.000	1977.000
3241.000	1721.667
3242.000	1627.000
3243.000	1776.333
3244.000	1951.333
3245.000	2036.000
3246.000	2064.000
3247.000	1960.667
3248.000	1906.000
3249.000	2042.333
3250.000	2245.333
3251.000	1967.333
3252.000	1655.000
3253.000	1523.667
3254.000	1605.667
3255.000	1630.333
3256.000	1809.000
3257.000	2140.333
3258.000	2389.333
3259.000	2014.667
3260.000	1934.667
3261.000	2368.333
3262.000	2551.667
3263.000	2231.667
3264.000	2029.333
3265.000	1925.000
3266.000	2030.667
3267.000	1863.667
3268.000	1687.667
3269.000	1704.667
3270.000	1977.000
3271.000	2131.333
3272.000	2145.000
3273.000	1981.667
3274.000	2042.000
3275.000	2060.333
3276.000	2059.333
3277.000	1725.333
3278.000	1521.000
3279.000	1562.333
3280.000	1740.667
3281.000	1940.667
3282.000	2228.333
3283.000	2020.333
3284.000	1754.000
3285.000	1619.000
3286.000	1704.667
3287.000	1681.000
3288.000	1710.000
3289.000	1699.000
3290.000	1961.000
3291.000	2035.000
3292.000	2067.667
3293.000	2159.000
3294.000	2372.000
3295.000	2090.667
3296.000	1916.333
3297.000	2094.000
3298.000	2538.333
3299.000	2564.667
3300.000	2383.667
3301.000	2355.000
3302.000	2481.333
3303.000	2145.000
3304.000	1873.667
3305.000	1901.000
3306.000	2138.333
3307.000	2115.333
3308.000	2146.333
3309.000	2118.333
3310.000	2101.667
3311.000	1879.333
3312.000	1728.333
3313.000	1645.667
3314.000	1786.333
3315.000	1884.000
3316.000	1899.000
3317.000	1946.000
3318.000	2171.667
3319.000	2043.000
3320.000	2006.000
3321.000	2080.667
3322.000	2412.667
3323.000	2274.000
3324.000	1910.333
3325.000	1766.667
3326.000	2047.667
3327.000	2142.667
3328.000	2077.667
3329.000	1877.000
3330.000	1896.667
3331.000	2081.000
3332.000	2419.000
3333.000	2168.667
3334.000	1935.333
3335.000	1915.667
3336.000	1922.667
3337.000	1930.667
3338.000	2308.333
3339.000	2537.333
3340.000	2544.333
3341.000	2001.667
3342.000	1692.333
3343.000	1700.333
3344.000	1912.667
3345.000	1952.000
3346.000	2081.000
3347.000	2107.333
3348.000	1971.667
3349.000	1740.000
3350.000	1635.000
3351.000	1654.333
3352.000	1694.333
3353.000	1583.000
3354.000	1727.667
3355.000	1668.333
3356.000	1633.000
3357.000	1667.000
3358.000	1939.000
3359.000	2206.667
3360.000	2366.000
3361.000	2358.000
3362.000	2589.667
3363.000	2420.333
3364.000	2256.333
3365.000	2024.333
3366.000	1892.333
3367.000	1706.667
3368.000	1611.000
3369.000	1710.667
3370.000	2008.000
3371.000	1865.000
3372.000	1679.333
3373.000	1606.667
3374.000	1769.000
3375.000	1700.667
3376.000	1655.333
3377.000	1823.667
3378.000	2349.333
3379.000	2339.333
3380.000	2179.667
3381.000	1950.667
3382.000	1962.333
3383.000	2154.667
3384.000	2276.333
3385.000	2122.333
3386.000	2130.667
3387.000	2076.667
3388.000	2119.333
3389.000	2348.667
3390.000	2766.333
3391.000	2603.333
3392.000	2453.667
3393.000	2453.667
3394.000	2479.000
3395.000	2193.333
3396.000	1913.333
3397.000	1728.667
3398.000	1768.667
3399.000	1881.667
3400.000	2190.333
3401.000	2137.333
3402.000	2345.333
3403.000	2307.667
3404.000	2047.333
3405.000	1964.667
3406.000	2295.333
3407.000	2204.333
3408.000	2179.667
3409.000	2163.667
3410.000	2152.667
3411.000	1894.667
3412.000	1743.667
3413.000	1606.000
3414.000	1704.000
3415.000	1667.667
3416.000	1547.667
3417.000	1520.000
3418.000	1728.333
3419.000	1729.000
3420.000	1820.667
3421.000	2030.333
3422.000	2220.667
3423.000	1989.000
3424.000	1782.667
3425.000	1613.667
3426.000	1702.333
3427.000	1779.333
3428.000	1871.667
3429.000	1912.000
3430.000	2177.667
3431.000	2129.333
3432.000	1993.000
3433.000	1844.667
3434.000	1820.333
3435.000	1773.333
3436.000	1782.667
3437.000	1729.667
3438.000	1819.667
3439.000	1849.000
3440.000	1974.000
3441.000	2083.000
3442.000	2191.667
3443.000	1924.333
3444.000	1995.000
3445.000	2055.333
3446.000	2019.000
3447.000	2124.333
3448.000	2337.000
3449.000	1996.333
3450.000	1890.000
3451.000	2067.667
3452.000	2281.333
3453.000	2159.333
3454.000	2048.667
3455.000	1924.333
3456.000	1785.333
3457.000	1756.000
3458.000	2067.333
3459.000	2354.667
3460.000	2474.000
3461.000	2146.000
3462.000	2003.333
3463.000	2096.667
3464.000	2215.333
3465.000	1774.667
3466.000	1654.000
3467.000	1672.000
3468.000	1825.667
3469.000	1879.667
3470.000	1971.000
3471.000	1907.000
3472.000	1795.667
3473.000	1643.667
3474.000	1663.667
3475.000	1685.000
3476.000	1740.667
3477.000	1820.000
3478.000	2028.000
3479.000	1946.333
3480.000	1956.000
3481.000	2058.667
3482.000	2323.667
3483.000	2301.000
3484.000	2066.667
3485.000	1801.667
3486.000	1764.333
3487.000	1712.000
3488.000	1670.000
3489.000	1743.667
3490.000	2118.667
3491.000	2182.667
3492.000	2098.667
3493.000	1851.667
3494.000	1809.667
3495.000	2148.333
3496.000	2596.667
3497.000	2300.333
3498.000	1956.333
3499.000	1778.333
3500.000	1871.667
3501.000	1890.000
3502.000	1978.333
3503.000	1995.000
3504.000	2040.333
3505.000	1892.333
3506.000	1967.000
3507.000	1879.333
3508.000	2003.000
3509.000	2265.000
3510.000	2262.333
3511.000	1991.667
3512.000	1998.667
3513.000	1954.000
3514.000	1936.667
3515.000	2012.333
3516.000	2264.333
3517.000	2306.333
3518.000	2245.667
3519.000	1937.667
3520.000	1912.333
3521.000	2107.333
3522.000	2374.333
3523.000	2214.000
3524.000	2063.333
3525.000	2033.333
3526.000	2081.333
3527.000	1820.333
3528.000	1796.000
3529.000	1958.667
3530.000	2145.000
3531.000	2018.667
3532.000	1835.667
3533.000	1699.333
3534.000	1930.667
3535.000	1923.333
3536.000	1940.000
3537.000	1904.000
3538.000	2025.333
3539.000	1820.667
3540.000	1666.667
3541.000	1857.333
3542.000	2299.333
3543.000	2256.333
3544.000	2113.000
3545.000	1917.000
3546.000	1779.667
3547.000	1866.667
3548.000	2122.667
3549.000	2125.000
3550.000	2116.000
3551.000	2069.000
3552.000	2033.667
3553.000	2053.667
3554.000	2176.667
3555.000	2086.333
3556.000	2103.333
3557.000	1836.667
3558.000	1811.333
3559.000	1915.667
3560.000	1975.667
3561.000	1766.333
3562.000	1687.000
3563.000	1759.333
3564.000	2013.000
3565.000	1985.667
3566.000	1977.667
3567.000	1934.333
3568.000	1814.667
3569.000	1650.333
3570.000	1663.000
3571.000	1853.000
3572.000	1995.000
3573.000	1893.333
3574.000	1966.667
3575.000	2056.667
3576.000	2241.000
3577.000	1976.667
3578.000	1781.667
3579.000	1634.333
3580.000	1611.000
3581.000	1532.000
3582.000	1582.000
3583.000	1558.000
3584.000	1611.667
3585.000	1708.333
3586.000	1879.667
3587.000	1923.000
3588.000	2011.667
3589.000	1856.000
3590.000	1890.667
3591.000	1809.000
3592.000	1781.667
3593.000	1757.000
3594.000	1956.667
3595.000	2089.667
3596.000	2048.000
3597.000	1949.667
3598.000	2191.000
3599.000	2141.333
3600.000	1961.000
3601.000	1833.667
3602.000	1910.333
3603.000	1810.667
3604.000	1965.667
3605.000	2109.000
3606.000	2158.000
3607.000	2131.000
3608.000	2148.667
3609.000	2280.000
3610.000	2375.333
3611.000	2015.000
3612.000	1745.333
3613.000	1733.000
3614.000	1923.000
3615.000	1876.333
3616.000	1853.667
3617.000	1886.000
3618.000	2046.333
3619.000	2062.667
3620.000	1930.333
3621.000	1839.667
3622.000	2142.667
3623.000	2348.333
3624.000	2462.667
3625.000	2296.667
3626.000	2433.333
3627.000	2086.000
3628.000	1948.667
3629.000	1845.000
3630.000	1921.333
3631.000	1726.333
3632.000	1696.667
3633.000	1713.667
3634.000	1917.667
3635.000	1883.000
3636.000	1833.667
3637.000	1785.333
3638.000	1829.000
3639.000	1907.000
3640.000	1957.333
3641.000	1722.333
3642.000	1675.000
3643.000	1781.667
3644.000	2099.667
3645.000	2252.333
3646.000	2325.667
3647.000	2157.667
3648.000	2204.667
3649.000	2267.667
3650.000	2247.333
3651.000	2047.000
3652.000	1900.000
3653.000	1830.000
3654.000	1946.667
3655.000	1718.000
3656.000	1588.000
3657.000	1611.667
3658.000	1676.667
3659.000	1591.333
3660.000	1699.667
3661.000	1976.000
3662.000	2078.667
3663.000	1771.000
3664.000	1628.667
3665.000	1649.000
3666.000	1853.000
3667.000	1925.000
3668.000	2158.667
3669.000	2122.000
3670.000	2120.667
3671.000	2183.333
3672.000	1984.333
3673.000	1795.667
3674.000	2035.000
3675.000	1917.333
3676.000	1712.000
3677.000	1657.000
3678.000	1871.333
3679.000	1835.667
3680.000	1774.667
3681.000	1681.667
3682.000	1766.000
3683.000	1907.667
3684.000	1846.333
3685.000	1565.333
3686.000	1558.000
3687.000	1625.000
3688.000	1912.333
3689.000	2086.667
3690.000	2155.000
3691.000	2210.000
3692.000	2171.000
3693.000	1817.333
3694.000	1736.333
3695.000	1845.667
3696.000	1776.333
3697.000	1535.333
3698.000	1560.000
3699.000	1632.333
3700.000	1759.667
3701.000	1761.000
3702.000	1868.333
3703.000	1861.667
3704.000	1857.000
3705.000	1803.667
3706.000	1804.000
3707.000	1769.667
3708.000	1959.667
3709.000	2169.667
3710.000	2487.000
3711.000	2371.000
3712.000	1943.333
3713.000	1643.333
3714.000	1712.667
3715.000	1600.667
3716.000	1674.667
3717.000	1974.667
3718.000	2512.000
3719.000	2269.000
3720.000	1907.000
3721.000	1846.667
3722.000	2029.000
3723.000	2337.000
3724.000	2696.667
3725.000	2393.667
3726.000	2280.333
3727.000	2024.000
3728.000	1736.667
3729.000	1626.000
3730.000	1654.667
3731.000	1704.000
3732.000	1916.000
3733.000	2004.000
3734.000	2021.000
3735.000	1720.333
3736.000	1544.000
3737.000	1547.000
3738.000	1703.667
3739.000	1626.333
3740.000	1672.000
3741.000	1749.000
3742.000	1983.333
3743.000	1947.667
3744.000	1817.333
3745.000	1595.333
3746.000	1774.000
3747.000	1969.333
3748.000	2055.667
3749.000	2144.667
3750.000	2516.333
3751.000	2173.000
3752.000	1713.000
3753.000	1664.000
3754.000	2083.667
3755.000	2291.000
3756.000	2107.000
3757.000	2021.333
3758.000	2225.667
3759.000	2003.000
3760.000	1930.333
3761.000	2044.667
3762.000	2101.667
3763.000	1864.667
3764.000	1639.333
3765.000	1584.000
3766.000	1957.333
3767.000	2160.667
3768.000	2039.333
3769.000	2031.000
3770.000	2266.667
3771.000	2005.667
3772.000	1725.333
3773.000	1664.000
3774.000	1806.333
3775.000	1810.333
3776.000	1873.000
3777.000	1855.333
3778.000	1953.667
3779.000	1864.000
3780.000	1854.000
3781.000	1903.333
3782.000	2095.667
3783.000	2050.667
3784.000	1864.000
3785.000	1691.333
3786.000	1723.333
3787.000	1616.667
3788.000	1633.000
3789.000	1724.333
3790.000	1966.000
3791.000	1969.333
3792.000	1780.333
3793.000	1546.333
3794.000	1492.000
3795.000	1516.667
3796.000	1655.667
3797.000	1984.667
3798.000	2400.333
3799.000	2242.000
3800.000	2257.000
3801.000	2171.333
3802.000	2082.667
3803.000	1941.667
3804.000	1877.000
3805.000	1771.000
3806.000	1803.000
3807.000	1724.000
3808.000	1673.667
3809.000	1607.333
3810.000	1733.667
3811.000	1677.333
3812.000	1659.000
3813.000	1683.667
3814.000	1714.667
3815.000	1721.000
3816.000	1787.667
3817.000	1926.000
3818.000	2165.333
3819.000	2137.000
3820.000	2115.333
3821.000	1999.333
3822.000	1940.667
3823.000	1726.667
3824.000	1699.333
3825.000	1769.000
3826.000	1821.667
3827.000	1813.333
3828.000	1794.667
3829.000	1734.333
3830.000	1822.333
3831.000	1731.000
3832.000	1601.333
3833.000	1633.000
3834.000	1988.667
3835.000	2273.333
3836.000	2332.333
3837.000	2071.333
3838.000	2203.333
3839.000	2449.333
3840.000	2452.667
3841.000	2190.667
3842.000	2158.667
3843.000	2046.000
3844.000	1892.333
3845.000	1810.333
3846.000	1922.333
3847.000	1979.000
3848.000	1944.333
3849.000	1733.000
3850.000	1790.000
3851.000	1740.000
3852.000	1853.333
3853.000	1866.333
3854.000	2014.667
3855.000	2085.000
3856.000	2199.667
3857.000	2232.000
3858.000	2296.333
3859.000	2115.000
3860.000	1820.667
3861.000	1604.000
3862.000	1847.333
3863.000	2045.333
3864.000	2074.000
3865.000	2104.000
3866.000	2186.333
3867.000	1907.000
3868.000	1821.667
3869.000	1780.333
3870.000	1902.667
3871.000	1929.000
3872.000	1798.333
3873.000	1689.667
3874.000	1862.000
3875.000	2048.333
3876.000	2254.000
3877.000	2204.333
3878.000	2196.000
3879.000	2177.333
3880.000	2108.000
3881.000	2046.000
3882.000	2253.667
3883.000	2256.000
3884.000	2085.667
3885.000	1938.667
3886.000	2015.667
3887.000	2200.667
3888.000	2237.000
3889.000	1968.333
3890.000	1987.667
3891.000	1996.333
3892.000	1876.000
3893.000	1797.333
3894.000	1735.333
3895.000	1715.333
3896.000	1827.333
3897.000	1699.667
3898.000	1667.667
3899.000	1625.667
3900.000	1752.333
3901.000	2076.000
3902.000	2387.000
3903.000	2010.000
3904.000	1745.000
3905.000	1682.333
3906.000	1848.333
3907.000	2015.667
3908.000	2303.333
3909.000	2261.667
3910.000	2178.667
3911.000	1792.000
3912.000	1618.000
3913.000	1851.667
3914.000	2452.667
3915.000	2304.000
3916.000	1895.333
3917.000	1791.667
3918.000	2080.000
3919.000	2149.667
3920.000	2091.333
3921.000	2036.333
3922.000	2112.333
3923.000	2238.000
3924.000	2386.000
3925.000	2007.000
3926.000	1872.333
3927.000	1868.000
3928.000	2052.333
3929.000	2097.000
3930.000	2194.667
3931.000	1820.333
3932.000	1549.333
3933.000	1514.667
3934.000	1708.333
3935.000	1926.000
3936.000	2177.667
3937.000	1875.667
3938.000	1684.000
3939.000	1624.333
3940.000	1730.333
3941.000	1888.000
3942.000	1960.000
3943.000	1679.000
3944.000	1495.000
3945.000	1503.667
3946.000	1685.667
3947.000	1718.333
3948.000	1847.333
3949.000	1994.000
3950.000	2169.000
3951.000	1952.333
3952.000	1780.333
3953.000	1767.667
3954.000	1787.667
3955.000	1702.000
3956.000	1765.333
3957.000	1732.333
3958.000	1716.333
3959.000	1667.333
3960.000	1776.000
3961.000	1772.000
3962.000	1803.000
3963.000	1797.333
3964.000	1799.333
3965.000	1771.667
3966.000	1930.333
3967.000	2127.333
3968.000	2461.000
3969.000	2089.000
3970.000	1741.000
3971.000	1760.333
3972.000	1984.333
3973.000	2186.000
3974.000	2555.667
3975.000	2335.667
3976.000	2022.667
3977.000	1726.333
3978.000	1798.333
3979.000	1937.333
3980.000	2216.667
3981.000	2340.667
3982.000	2736.333
3983.000	2463.000
3984.000	1962.667
3985.000	1916.667
3986.000	2208.333
3987.000	2150.333
3988.000	1891.000
3989.000	1723.667
3990.000	1906.000
3991.000	2091.667
3992.000	2347.667
3993.000	2288.667
3994.000	2369.333
3995.000	2054.667
3996.000	1764.333
3997.000	1606.333
3998.000	1731.667
3999.000	1816.000
4000.000	1869.667
4001.000	1760.000
4002.000	1988.667
4003.000	2207.000
4004.000	2336.667
4005.000	2034.000
4006.000	1893.667
4007.000	1954.333
4008.000	2130.333
4009.000	2190.333
4010.000	2146.667
4011.000	1953.667
4012.000	1828.333
4013.000	2221.333
4014.000	2940.333
4015.000	2539.667
4016.000	2050.667
4017.000	2024.000
4018.000	2305.667
4019.000	2127.000
4020.000	1877.667
4021.000	2048.333
4022.000	2374.667
4023.000	2120.333
4024.000	1885.333
4025.000	1700.333
4026.000	1825.000
4027.000	1797.000
4028.000	1745.333
4029.000	1826.000
4030.000	1948.333
4031.000	1739.333
4032.000	1540.333
4033.000	1468.667
4034.000	1665.333
4035.000	1837.667
4036.000	1981.667
4037.000	1916.333
4038.000	1811.667
4039.000	1855.000
4040.000	2088.333
4041.000	2338.333
4042.000	2744.667
4043.000	2719.667
4044.000	2723.667
4045.000	2534.333
4046.000	2398.000
4047.000	2105.667
4048.000	1941.667
4049.000	1815.000
4050.000	1813.667
4051.000	1828.667
4052.000	1877.333
4053.000	1997.667
4054.000	2321.667
4055.000	2181.333
4056.000	2066.333
4057.000	2377.333
4058.000	2818.000
4059.000	2327.333
4060.000	1871.667
4061.000	1771.000
4062.000	2042.333
4063.000	2138.000
4064.000	2012.333
4065.000	2024.667
4066.000	2450.000
4067.000	2204.667
4068.000	1819.667
4069.000	1803.000
4070.000	2074.000
4071.000	2060.333
4072.000	1953.333
4073.000	1749.667
4074.000	1844.000
4075.000	1981.667
4076.000	2195.333
4077.000	2070.000
4078.000	2088.667
4079.000	1985.000
4080.000	2051.667
4081.000	2207.000
4082.000	2341.667
4083.000	2436.333
4084.000	2672.000
4085.000	2642.000
4086.000	2762.000
4087.000	2444.667
4088.000	2343.000
4089.000	2463.333
4090.000	2427.667
4091.000	2313.333
4092.000	2318.000
4093.000	2116.333
4094.000	2067.333
4095.000	2332.667
4096.000	2775.667
4097.000	2441.667
4098.000	2032.333
4099.000	1913.333
4100.000	2204.333
4101.000	2284.000
4102.000	2111.333
4103.000	1891.000
4104.000	1970.333
4105.000	2118.000
4106.000	2230.333
4107.000	1916.333
4108.000	1829.667
4109.000	2005.000
4110.000	2291.667
4111.000	2192.333
4112.000	2267.333
4113.000	2238.333
4114.000	2028.667
4115.000	1967.333
4116.000	2284.667
4117.000	2398.333
4118.000	2384.667
4119.000	2140.667
4120.000	1912.000
4121.000	1945.000
4122.000	2264.333
4123.000	2325.000
4124.000	2301.000
4125.000	2346.667
4126.000	2550.000
4127.000	2435.333
4128.000	2244.667
4129.000	2308.333
4130.000	2657.000
4131.000	2439.667
4132.000	2333.333
4133.000	2302.333
4134.000	2500.667
4135.000	2398.667
4136.000	2127.333
4137.000	2326.667
4138.000	2823.667
4139.000	2556.000
4140.000	2247.000
4141.000	2122.000
4142.000	2334.000
4143.000	2747.000
4144.000	3164.000
4145.000	2845.667
4146.000	2727.333
4147.000	2625.667
4148.000	2477.000
4149.000	2515.667
4150.000	2927.667
4151.000	2915.000
4152.000	2859.000
4153.000	2868.333
4154.000	3106.333
4155.000	2971.000
4156.000	2931.000
4157.000	2915.333
4158.000	3121.333
4159.000	3161.000
4160.000	3290.667
4161.000	3284.667
4162.000	3627.333
4163.000	3801.667
4164.000	4001.000
4165.000	4066.333
4166.000	4300.667
4167.000	4352.000
4168.000	4457.000
4169.000	4464.000
4170.000	4506.333
4171.000	4330.667
4172.000	4490.000
4173.000	4669.333
4174.000	4849.000
4175.000	4795.000
4176.000	4970.000
4177.000	4980.667
4178.000	5132.000
4179.000	5276.667
4180.000	5451.000
4181.000	5338.000
4182.000	5556.333
4183.000	5746.667
4184.000	5951.000
4185.000	6061.333
4186.000	6446.333
4187.000	7192.667
4188.000	7974.000
4189.000	7789.000
4190.000	7697.000
4191.000	7510.667
4192.000	7648.000
4193.000	7750.667
4194.000	7907.333
4195.000	7854.667
4196.000	7889.667
4197.000	7661.000
4198.000	7665.333
4199.000	7724.000
4200.000	7840.000
4201.000	7858.333
4202.000	8060.333
4203.000	7950.333
4204.000	8136.333
4205.000	8500.333
4206.000	8579.333
4207.000	8008.000
4208.000	7682.333
4209.000	7291.667
4210.000	6999.667
4211.000	6742.667
4212.000	6668.333
4213.000	6459.667
4214.000	6540.333
4215.000	6351.000
4216.000	6049.667
4217.000	5556.667
4218.000	5326.000
4219.000	4894.000
4220.000	4690.333
4221.000	4779.333
4222.000	5012.333
4223.000	4716.000
4224.000	4600.333
4225.000	4519.000
4226.000	4594.333
4227.000	4321.000
4228.000	4198.667
4229.000	4030.667
4230.000	3807.000
4231.000	3490.000
4232.000	3392.000
4233.000	3243.667
4234.000	3379.667
4235.000	3332.000
4236.000	3157.667
4237.000	3020.333
4238.000	3261.333
4239.000	3358.333
4240.000	3120.333
4241.000	2639.333
4242.000	2332.667
4243.000	2219.000
4244.000	2489.000
4245.000	2349.000
4246.000	2218.667
4247.000	2107.667
4248.000	2273.000
4249.000	2271.667
4250.000	2590.667
4251.000	2464.000
4252.000	2194.000
4253.000	1974.333
4254.000	2139.667
4255.000	2005.000
4256.000	1938.000
4257.000	1985.000
4258.000	2199.000
4259.000	2124.667
4260.000	2044.667
4261.000	2135.667
4262.000	2537.000
4263.000	2427.667
4264.000	2086.333
4265.000	1959.333
4266.000	2060.000
4267.000	2357.333
4268.000	2643.667
4269.000	2268.333
4270.000	2129.333
4271.000	2028.667
4272.000	2001.333
4273.000	1975.000
4274.000	2029.667
4275.000	1886.667
4276.000	1774.667
4277.000	1643.000
4278.000	1608.333
4279.000	1586.333
4280.000	1631.667
4281.000	1667.667
4282.000	1898.333
4283.000	2013.000
4284.000	2036.000
4285.000	1868.000
4286.000	1751.333
4287.000	1737.667
4288.000	2039.000
4289.000	2300.333
4290.000	2426.000
4291.000	2145.000
4292.000	1921.333
4293.000	1643.000
4294.000	1636.667
4295.000	1616.000
4296.000	1651.000
4297.000	1800.667
4298.000	2059.333
4299.000	1774.333
4300.000	1635.667
4301.000	1710.000
4302.000	1873.000
4303.000	1782.000
4304.000	1768.000
4305.000	1751.000
4306.000	1996.333
4307.000	2497.667
4308.000	2977.667
4309.000	2523.333
4310.000	2109.667
4311.000	1904.000
4312.000	2055.333
4313.000	2164.333
4314.000	2127.000
4315.000	2201.333
4316.000	2462.667
4317.000	2187.667
4318.000	1905.000
4319.000	1774.333
4320.000	1888.667
4321.000	1843.333
4322.000	1722.000
4323.000	1717.000
4324.000	1850.667
4325.000	1838.667
4326.000	1849.333
4327.000	1878.667
4328.000	1979.667
4329.000	1918.667
4330.000	2039.667
4331.000	1909.000
4332.000	1734.000
4333.000	1668.000
4334.000	1824.000
4335.000	1882.667
4336.000	2100.000
4337.000	2022.667
4338.000	2035.333
4339.000	2339.000
4340.000	2669.667
4341.000	2581.667
4342.000	2363.333
4343.000	2255.667
4344.000	2428.667
4345.000	2325.667
4346.000	2206.667
4347.000	2091.333
4348.000	2117.667
4349.000	2035.000
4350.000	1981.000
4351.000	1868.000
4352.000	1981.667
4353.000	2003.667
4354.000	2150.667
4355.000	2200.000
4356.000	2343.333
4357.000	2190.667
4358.000	1913.000
4359.000	1766.333
4360.000	1968.333
4361.000	2212.333
4362.000	2360.333
4363.000	2478.333
4364.000	2448.667
4365.000	2082.000
4366.000	1986.667
4367.000	1881.333
4368.000	1865.333
4369.000	1950.333
4370.000	2126.667
4371.000	2055.000
4372.000	1935.667
4373.000	1777.333
4374.000	1899.000
4375.000	1988.667
4376.000	2090.000
4377.000	1902.333
4378.000	1874.000
4379.000	1785.667
4380.000	1707.667
4381.000	1578.333
4382.000	1640.667
4383.000	1707.667
4384.000	1749.333
4385.000	1805.000
4386.000	2084.333
4387.000	2177.333
4388.000	2471.000
4389.000	2382.000
4390.000	2027.333
4391.000	1703.000
4392.000	1621.000
4393.000	1635.667
4394.000	1768.333
4395.000	2057.667
4396.000	2414.333
4397.000	2190.000
4398.000	1946.667
4399.000	1738.000
4400.000	1670.000
4401.000	1704.667
4402.000	1876.000
4403.000	1808.000
4404.000	1697.000
4405.000	1561.667
4406.000	1571.000
4407.000	1651.667
4408.000	1911.000
4409.000	1983.667
4410.000	1911.333
4411.000	1861.333
4412.000	2202.333
4413.000	2448.000
4414.000	2341.000
4415.000	2117.000
4416.000	1939.000
4417.000	1721.333
4418.000	1625.333
4419.000	1534.333
4420.000	1716.333
4421.000	2066.667
4422.000	2514.667
4423.000	2375.667
4424.000	2249.000
4425.000	2378.000
4426.000	2554.667
4427.000	2398.667
4428.000	2398.667
4429.000	2491.000
4430.000	2711.667
4431.000	2391.333
4432.000	2111.000
4433.000	1792.667
4434.000	1705.667
4435.000	1771.000
4436.000	2039.000
4437.000	2054.000
4438.000	2052.333
4439.000	1814.000
4440.000	1614.333
4441.000	1772.667
4442.000	2270.333
4443.000	2150.000
4444.000	1870.000
4445.000	1643.667
4446.000	1704.000
4447.000	1842.333
4448.000	1893.667
4449.000	1737.667
4450.000	1876.667
4451.000	1958.000
4452.000	1917.000
4453.000	1897.333
4454.000	2163.000
4455.000	2314.333
4456.000	2158.667
4457.000	1759.000
4458.000	1633.333
4459.000	1820.333
4460.000	2074.333
4461.000	2014.000
4462.000	2197.333
4463.000	2027.667
4464.000	1834.333
4465.000	1947.667
4466.000	2198.333
4467.000	1945.667
4468.000	1756.333
4469.000	1720.333
4470.000	1864.000
4471.000	1851.000
4472.000	2000.333
4473.000	1985.000
4474.000	2101.333
4475.000	2285.333
4476.000	2495.667
4477.000	2227.000
4478.000	2175.000
4479.000	2396.333
4480.000	2573.333
4481.000	2209.667
4482.000	1929.667
4483.000	1778.667
4484.000	1798.667
4485.000	1788.333
4486.000	1919.667
4487.000	2018.333
4488.000	2193.333
4489.000	2145.667
4490.000	2104.333
4491.000	2010.333
4492.000	2082.000
4493.000	2028.667
4494.000	1989.667
4495.000	1960.000
4496.000	2015.667
4497.000	1739.333
4498.000	1673.333
