2173.000	4532.333
2174.000	5160.000
2175.000	5234.333
2176.000	4860.000
2177.000	4018.667
2178.000	3772.667
2179.000	3941.333
2180.000	4321.333
2181.000	4735.000
2182.000	5112.333
2183.000	4399.333
2184.000	4108.000
2185.000	4477.000
2186.000	4868.333
2187.000	4257.667
2188.000	3871.667
2189.000	3897.333
2190.000	4287.000
2191.000	4465.333
2192.000	4460.667
2193.000	4226.333
2194.000	4355.667
2195.000	4162.333
2196.000	4147.000
2197.000	4208.667
2198.000	4527.667
2199.000	4538.000
2200.000	4522.000
2201.000	4234.333
2202.000	4152.333
2203.000	4137.667
2204.000	4278.667
2205.000	4386.000
2206.000	4709.333
2207.000	4813.667
2208.000	4972.333
2209.000	4818.333
2210.000	4708.667
2211.000	4431.667
2212.000	4052.000
2213.000	3881.333
2214.000	4120.333
2215.000	4176.333
2216.000	4281.667
2217.000	4494.333
2218.000	4603.000
2219.000	4264.667
2220.000	4200.333
2221.000	4319.667
2222.000	4605.333
2223.000	4627.000
2224.000	4956.333
2225.000	4784.000
2226.000	4880.333
2227.000	5073.333
2228.000	5316.667
2229.000	4860.000
2230.000	4923.667
2231.000	4911.000
2232.000	4459.333
2233.000	4107.333
2234.000	4056.667
2235.000	4009.000
2236.000	4232.333
2237.000	4220.667
2238.000	4523.333
2239.000	4896.000
2240.000	5273.333
2241.000	5410.667
2242.000	5669.333
2243.000	5171.667
2244.000	4691.333
2245.000	4480.333
2246.000	4374.000
2247.000	4270.333
2248.000	4495.667
2249.000	4744.667
2250.000	4977.000
2251.000	4756.000
2252.000	4618.000
2253.000	4416.333
2254.000	4545.667
2255.000	4402.333
2256.000	4430.333
2257.000	4506.333
2258.000	4862.667
2259.000	5154.000
2260.000	5355.667
2261.000	5330.333
2262.000	5665.000
2263.000	5569.000
2264.000	5598.333
2265.000	5553.333
2266.000	5854.000
2267.000	5772.667
2268.000	5263.667
2269.000	4770.000
2270.000	5112.667
2271.000	5337.333
2272.000	5195.333
2273.000	4791.000
2274.000	4729.333
2275.000	4776.000
2276.000	5183.000
2277.000	5958.667
2278.000	6741.667
2279.000	6649.333
2280.000	6666.333
2281.000	6242.333
2282.000	5966.000
2283.000	5947.667
2284.000	6173.333
2285.000	6046.333
2286.000	6279.667
2287.000	6764.667
2288.000	7133.000
2289.000	7006.333
2290.000	6849.333
2291.000	6733.000
2292.000	6825.667
2293.000	7251.333
2294.000	7925.000
2295.000	7737.000
2296.000	7711.333
2297.000	8324.667
2298.000	9013.333
2299.000	9345.000
2300.000	9539.000
2301.000	9927.333
2302.000	10760.333
2303.000	11135.667
2304.000	11780.667
2305.000	12595.000
2306.000	13470.667
2307.000	13986.333
2308.000	14761.333
2309.000	15811.000
2310.000	16728.667
2311.000	17264.667
2312.000	17920.000
2313.000	18712.000
2314.000	19874.000
2315.000	21577.000
2316.000	23661.333
2317.000	25144.333
2318.000	26707.333
2319.000	28641.333
2320.000	31093.000
2321.000	33684.667
2322.000	36300.333
2323.000	38483.333
2324.000	40745.333
2325.000	42877.667
2326.000	45050.667
2327.000	46156.333
2328.000	46839.667
2329.000	47209.000
2330.000	47954.333
2331.000	47865.667
2332.000	47263.667
2333.000	46335.000
2334.000	45372.000
2335.000	43587.333
2336.000	41725.667
2337.000	39350.000
2338.000	37082.000
2339.000	34498.000
2340.000	32185.667
2341.000	29995.000
2342.000	27578.333
2343.000	24661.000
2344.000	22093.000
2345.000	19542.000
2346.000	17441.000
2347.000	15938.333
2348.000	14668.667
2349.000	13683.000
2350.000	13117.667
2351.000	12243.000
2352.000	11658.000
2353.000	10766.333
2354.000	10093.667
2355.000	9984.000
2356.000	10008.000
2357.000	9396.667
2358.000	8918.667
2359.000	8686.333
2360.000	8965.333
2361.000	9030.667
2362.000	8929.667
2363.000	8300.333
2364.000	7974.000
2365.000	7860.333
2366.000	7905.333
2367.000	7336.000
2368.000	7089.333
2369.000	6927.667
2370.000	6935.333
2371.000	6930.667
2372.000	6973.667
2373.000	7010.000
2374.000	7205.333
2375.000	6736.667
2376.000	6543.000
2377.000	7014.333
2378.000	7994.000
2379.000	7585.667
2380.000	6908.667
2381.000	6908.333
2382.000	7298.333
2383.000	6942.667
2384.000	6568.333
2385.000	6436.333
2386.000	6668.000
2387.000	6661.333
2388.000	6677.000
2389.000	6978.667
2390.000	7574.000
2391.000	7633.333
2392.000	7715.000
2393.000	7422.667
2394.000	7332.000
2395.000	7177.333
2396.000	7097.333
2397.000	7040.667
2398.000	7317.667
2399.000	7123.000
2400.000	7019.333
2401.000	7150.000
2402.000	7607.667
2403.000	7706.000
2404.000	7826.667
2405.000	7976.000
2406.000	8339.667
2407.000	7982.333
2408.000	7648.333
2409.000	7779.667
2410.000	8249.667
2411.000	8721.000
2412.000	9367.667
2413.000	9463.000
2414.000	9582.333
2415.000	9726.667
2416.000	10220.000
2417.000	10620.667
2418.000	11252.000
2419.000	11366.000
2420.000	11407.667
2421.000	11674.333
2422.000	12659.000
2423.000	13122.333
2424.000	13173.667
2425.000	13339.333
2426.000	14200.000
2427.000	14748.000
2428.000	15021.000
2429.000	15596.000
2430.000	16268.333
2431.000	16432.667
2432.000	16910.333
2433.000	17654.333
2434.000	18847.667
2435.000	20011.333
2436.000	20943.333
2437.000	21501.333
2438.000	22508.667
2439.000	23786.667
2440.000	25273.667
2441.000	26060.667
2442.000	26773.000
2443.000	27750.000
2444.000	29053.000
2445.000	30210.000
2446.000	31773.333
2447.000	33338.333
2448.000	34736.000
2449.000	36409.667
2450.000	38435.667
2451.000	40831.333
2452.000	43666.000
2453.000	45669.000
2454.000	47833.667
2455.000	50493.667
2456.000	53418.667
2457.000	55874.667
2458.000	58244.333
2459.000	60540.333
2460.000	62845.667
2461.000	64532.000
2462.000	66307.333
2463.000	68073.667
2464.000	69829.333
2465.000	71399.333
2466.000	72915.333
2467.000	74068.000
2468.000	75299.333
2469.000	75615.000
2470.000	76062.333
2471.000	76369.667
2472.000	76657.667
2473.000	76857.333
2474.000	76930.333
2475.000	76552.667
2476.000	76554.667
2477.000	76242.667
2478.000	75671.333
2479.000	74674.333
2480.000	73501.333
2481.000	72024.000
2482.000	70910.000
2483.000	69520.667
2484.000	67617.667
2485.000	65008.333
2486.000	62686.667
2487.000	60366.000
2488.000	58235.000
2489.000	55598.000
2490.000	52528.000
2491.000	48688.333
2492.000	45163.333
2493.000	41801.667
2494.000	38853.000
2495.000	36690.333
2496.000	34564.667
2497.000	31872.667
2498.000	29601.000
2499.000	27486.333
2500.000	25531.000
2501.000	23469.333
2502.000	21997.667
2503.000	20876.667
2504.000	19930.667
2505.000	19016.333
2506.000	18622.000
2507.000	17632.000
2508.000	16704.333
2509.000	15472.333
2510.000	14637.667
2511.000	14212.667
2512.000	13947.333
2513.000	13815.333
2514.000	13758.000
2515.000	12670.000
2516.000	11625.333
2517.000	11300.333
2518.000	11806.000
2519.000	11438.000
2520.000	10867.000
2521.000	10445.000
2522.000	10022.667
2523.000	9752.333
2524.000	9875.333
2525.000	9807.667
2526.000	9954.667
2527.000	9831.667
2528.000	9654.667
2529.000	9026.000
2530.000	8662.333
2531.000	8451.333
2532.000	8291.333
2533.000	7769.667
2534.000	7808.000
2535.000	7860.000
2536.000	7968.667
2537.000	7442.333
2538.000	7269.333
2539.000	7154.667
2540.000	6941.333
2541.000	6643.667
2542.000	6686.333
2543.000	6453.667
2544.000	6391.667
2545.000	6773.000
2546.000	7256.000
2547.000	6766.000
2548.000	6566.667
2549.000	6768.333
2550.000	7041.667
2551.000	6675.000
2552.000	6069.667
2553.000	5628.333
2554.000	5862.333
2555.000	6004.000
2556.000	5729.333
2557.000	5313.667
2558.000	5470.667
2559.000	5628.000
2560.000	5879.333
2561.000	6050.667
2562.000	6285.667
2563.000	6150.333
2564.000	5957.667
2565.000	5469.333
2566.000	5387.000
2567.000	5585.333
2568.000	5552.667
2569.000	5323.000
2570.000	5550.333
2571.000	5555.667
2572.000	5847.000
2573.000	5764.333
2574.000	5560.333
2575.000	5379.000
2576.000	5561.000
2577.000	5793.667
2578.000	6267.667
2579.000	6209.333
2580.000	6027.667
2581.000	5661.000
2582.000	5416.667
2583.000	5381.000
2584.000	5533.000
2585.000	5459.667
2586.000	5848.333
2587.000	5463.000
2588.000	5058.000
2589.000	4934.333
2590.000	5402.333
2591.000	5248.667
2592.000	4841.000
2593.000	4599.667
2594.000	4977.000
2595.000	5293.333
2596.000	5256.000
2597.000	4989.000
2598.000	5260.667
2599.000	5468.000
2600.000	5651.333
2601.000	5246.667
2602.000	5021.000
2603.000	4838.667
2604.000	4853.333
2605.000	4771.000
2606.000	4804.333
2607.000	4810.333
2608.000	5273.333
2609.000	4865.333
2610.000	4545.667
2611.000	4616.333
2612.000	4971.333
2613.000	4876.333
2614.000	4961.667
2615.000	4833.667
2616.000	4816.000
2617.000	5287.333
2618.000	5418.333
2619.000	4878.667
2620.000	4767.000
2621.000	4559.667
2622.000	4501.333
2623.000	4222.333
2624.000	4332.000
2625.000	4339.667
2626.000	4417.000
2627.000	4214.667
2628.000	4086.667
2629.000	3991.000
2630.000	4343.333
2631.000	4406.000
2632.000	4369.000
2633.000	4396.333
2634.000	4615.333
2635.000	4475.667
2636.000	4540.333
2637.000	4287.667
2638.000	4194.333
2639.000	4272.667
2640.000	4682.667
2641.000	4728.667
2642.000	5035.667
2643.000	4967.667
2644.000	4538.333
2645.000	4423.000
2646.000	4579.333
2647.000	4423.000
2648.000	4502.333
2649.000	4444.667
2650.000	4639.667
2651.000	4800.000
2652.000	4894.333
2653.000	4822.000
2654.000	5119.667
2655.000	5325.000
2656.000	5288.667
2657.000	4794.667
2658.000	4652.667
2659.000	4386.000
2660.000	4291.000
2661.000	4402.333
2662.000	4703.000
2663.000	4444.667
2664.000	4119.333
2665.000	3686.667
2666.000	3826.000
2667.000	3909.667
2668.000	4117.333
2669.000	4177.333
2670.000	4277.333
2671.000	3963.667
2672.000	4111.000
2673.000	4619.667
2674.000	5142.333
2675.000	4428.000
2676.000	3793.000
2677.000	3787.000
2678.000	4205.333
2679.000	4140.333
2680.000	4040.667
2681.000	3933.333
2682.000	4137.333
2683.000	4164.667
2684.000	4218.333
2685.000	4108.667
2686.000	4341.667
2687.000	4330.000
2688.000	4317.333
2689.000	4182.333
2690.000	4321.667
2691.000	4629.667
2692.000	4910.333
2693.000	4671.333
2694.000	4604.000
2695.000	4280.333
2696.000	4144.000
2697.000	4175.333
2698.000	4360.000
2699.000	4263.000
2700.000	4394.667
2701.000	3984.333
2702.000	3699.333
2703.000	3969.000
2704.000	4421.333
2705.000	4403.667
2706.000	4359.333
2707.000	4261.667
2708.000	4357.667
2709.000	4057.333
2710.000	3993.333
2711.000	4144.000
2712.000	4177.000
2713.000	3783.667
2714.000	3904.000
2715.000	4122.333
2716.000	4280.333
2717.000	4075.333
2718.000	4077.000
2719.000	4094.333
2720.000	4310.667
2721.000	4115.000
2722.000	4070.667
2723.000	4258.333
2724.000	4707.667
2725.000	4609.000
2726.000	4288.667
2727.000	4125.667
2728.000	4237.333
2729.000	4534.667
2730.000	4978.333
2731.000	4936.667
2732.000	4962.667
2733.000	4360.333
2734.000	4108.000
2735.000	4006.667
2736.000	4025.333
2737.000	4497.333
2738.000	5051.333
2739.000	4571.000
2740.000	4344.333
2741.000	4501.000
2742.000	4746.333
2743.000	4854.667
2744.000	5085.333
2745.000	4699.667
2746.000	4736.000
2747.000	4526.000
2748.000	4215.333
2749.000	3936.667
2750.000	3925.000
2751.000	4374.000
2752.000	5012.000
2753.000	4511.667
2754.000	4319.000
2755.000	4694.667
2756.000	5050.333
2757.000	4417.000
2758.000	4150.667
2759.000	4223.333
2760.000	4270.333
2761.000	3777.667
2762.000	3618.000
2763.000	3604.333
2764.000	3620.667
2765.000	3483.667
2766.000	3900.000
2767.000	4263.000
2768.000	4552.667
2769.000	4449.667
2770.000	4273.333
2771.000	4316.333
2772.000	4835.000
2773.000	4613.000
2774.000	4471.667
2775.000	4437.333
2776.000	4471.333
2777.000	4167.000
2778.000	4147.333
2779.000	4221.333
2780.000	4300.333
2781.000	3993.667
2782.000	4082.333
2783.000	4501.333
2784.000	4894.333
2785.000	4749.000
2786.000	4712.667
2787.000	4295.333
2788.000	4302.000
2789.000	4162.333
2790.000	4242.667
2791.000	4200.667
2792.000	4245.333
2793.000	4186.000
2794.000	4127.333
2795.000	3867.000
2796.000	3975.333
2797.000	3944.000
2798.000	3919.000
2799.000	3732.333
2800.000	3812.333
2801.000	3767.667
2802.000	3828.667
2803.000	3955.333
2804.000	4142.667
2805.000	3995.333
2806.000	4365.000
2807.000	4375.000
2808.000	4221.000
2809.000	4239.667
2810.000	4645.667
2811.000	4405.667
2812.000	4177.000
2813.000	4147.667
2814.000	4227.667
2815.000	4064.333
2816.000	4399.333
2817.000	4675.000
2818.000	4748.333
2819.000	4426.667
2820.000	4432.667
2821.000	4786.333
2822.000	5070.000
2823.000	4720.000
2824.000	4145.333
2825.000	4040.000
2826.000	4352.000
2827.000	4099.333
2828.000	3945.333
2829.000	3701.000
2830.000	3732.333
2831.000	3852.000
2832.000	4166.333
2833.000	4337.667
2834.000	4592.667
2835.000	4419.667
2836.000	4048.000
2837.000	3901.333
2838.000	4416.000
2839.000	4599.667
2840.000	4338.667
2841.000	4035.667
2842.000	4001.000
2843.000	3895.333
2844.000	3945.333
2845.000	3790.000
2846.000	3879.333
2847.000	3900.667
2848.000	3868.333
2849.000	3845.333
2850.000	4336.000
2851.000	4556.000
2852.000	4488.000
2853.000	4097.333
2854.000	3958.000
2855.000	4354.667
2856.000	4757.333
2857.000	4307.333
2858.000	4312.667
2859.000	4356.333
2860.000	4510.333
2861.000	4661.000
2862.000	4781.333
2863.000	4378.000
2864.000	4274.000
2865.000	4119.667
2866.000	4181.667
2867.000	4024.667
2868.000	3915.667
2869.000	3930.000
2870.000	4263.000
2871.000	4341.667
2872.000	4403.667
2873.000	4171.667
2874.000	4273.667
2875.000	4142.667
2876.000	4098.000
2877.000	4170.667
2878.000	4400.333
2879.000	4094.333
2880.000	3951.333
2881.000	4134.000
2882.000	4565.000
2883.000	4370.667
2884.000	4267.667
2885.000	4074.000
2886.000	4074.000
2887.000	3945.667
2888.000	4011.667
2889.000	3794.667
2890.000	3826.667
2891.000	3890.000
2892.000	3918.333
2893.000	3993.333
2894.000	4499.000
2895.000	4581.000
2896.000	4316.000
2897.000	3817.667
2898.000	3845.667
2899.000	4283.000
2900.000	4848.000
2901.000	4641.000
2902.000	4357.667
2903.000	3947.667
2904.000	3775.333
2905.000	3640.000
2906.000	3771.000
2907.000	3876.667
2908.000	3881.667
2909.000	3759.333
2910.000	4116.000
2911.000	4156.667
2912.000	4237.333
2913.000	4088.000
2914.000	4116.333
2915.000	4006.333
2916.000	3990.667
2917.000	4089.333
2918.000	4634.333
2919.000	4816.333
2920.000	4883.667
2921.000	4901.333
2922.000	4920.333
2923.000	4357.000
2924.000	4082.000
2925.000	3967.000
2926.000	3996.667
2927.000	3677.000
2928.000	3429.333
2929.000	3700.667
2930.000	4250.000
2931.000	4229.000
2932.000	4416.667
2933.000	4283.000
2934.000	4112.667
2935.000	3940.333
2936.000	4001.667
2937.000	4016.333
2938.000	4299.333
2939.000	4230.000
2940.000	4018.333
2941.000	3565.333
2942.000	3524.667
2943.000	3413.667
2944.000	3516.333
2945.000	3776.000
2946.000	4120.333
2947.000	3861.000
2948.000	3577.667
2949.000	3544.000
2950.000	4063.000
2951.000	4483.000
2952.000	4416.333
2953.000	3969.667
2954.000	3881.333
2955.000	3866.000
2956.000	4151.333
2957.000	4299.667
2958.000	4413.333
2959.000	4467.000
2960.000	4503.333
2961.000	3983.000
2962.000	3766.333
2963.000	3960.667
2964.000	4111.333
2965.000	3955.333
2966.000	4181.333
2967.000	4205.000
2968.000	4259.000
2969.000	4432.667
2970.000	4453.333
2971.000	4048.000
2972.000	3942.000
2973.000	3933.667
2974.000	4071.667
2975.000	3893.333
2976.000	3689.333
2977.000	3520.000
2978.000	3911.333
2979.000	3907.000
2980.000	3913.333
2981.000	3909.333
2982.000	4211.667
2983.000	4526.667
2984.000	4640.000
2985.000	4217.000
2986.000	4106.667
2987.000	4129.667
2988.000	4227.000
2989.000	4060.000
2990.000	4029.667
2991.000	4172.000
2992.000	4731.333
2993.000	4752.667
2994.000	4700.000
2995.000	4417.333
2996.000	4300.667
2997.000	4030.333
2998.000	4000.000
2999.000	3947.000
3000.000	4091.333
3001.000	3912.667
3002.000	4225.333
3003.000	4676.000
3004.000	4981.000
3005.000	4199.333
3006.000	3587.333
3007.000	3754.667
3008.000	4326.333
3009.000	4512.000
3010.000	4751.333
3011.000	4614.667
3012.000	4749.333
3013.000	4551.333
3014.000	4434.000
3015.000	4516.667
3016.000	4601.667
3017.000	4284.333
3018.000	4212.667
3019.000	4045.667
3020.000	4031.333
3021.000	4090.333
3022.000	4578.667
3023.000	4912.000
3024.000	5111.667
3025.000	4589.000
3026.000	4165.000
3027.000	3938.667
3028.000	3926.667
3029.000	4139.667
3030.000	4638.333
3031.000	4606.667
3032.000	4271.000
3033.000	3755.000
3034.000	3848.667
3035.000	4021.000
3036.000	4407.333
3037.000	4391.333
3038.000	4354.667
3039.000	4170.333
3040.000	4132.000
3041.000	3758.333
3042.000	3928.667
3043.000	4203.333
3044.000	4291.000
3045.000	4183.667
3046.000	4196.667
3047.000	3922.333
3048.000	3839.333
3049.000	3861.333
3050.000	4150.000
3051.000	4006.333
3052.000	3771.333
3053.000	3633.667
3054.000	3732.333
3055.000	3596.667
3056.000	3695.000
3057.000	3812.667
3058.000	4318.000
3059.000	4290.000
3060.000	4152.333
3061.000	4175.667
3062.000	4568.000
3063.000	4345.333
3064.000	4204.333
3065.000	4330.000
3066.000	4885.667
3067.000	4763.667
3068.000	4657.667
3069.000	4625.000
3070.000	4997.667
3071.000	4679.333
3072.000	4272.333
3073.000	3819.333
3074.000	3842.333
3075.000	3987.667
3076.000	4282.333
3077.000	4241.667
3078.000	4401.000
3079.000	4117.000
3080.000	3915.000
3081.000	4056.667
3082.000	4176.667
3083.000	3790.333
3084.000	3786.333
3085.000	4187.333
3086.000	4825.667
3087.000	4441.000
3088.000	4039.333
3089.000	3947.333
3090.000	4421.667
3091.000	4506.000
3092.000	4249.333
3093.000	3935.667
3094.000	3953.667
3095.000	3676.667
3096.000	3568.000
3097.000	3622.000
3098.000	4095.000
3099.000	3999.667
3100.000	3876.333
3101.000	3583.000
3102.000	3632.667
3103.000	3512.667
3104.000	3605.667
3105.000	3779.000
3106.000	4202.000
3107.000	4229.667
3108.000	4056.000
3109.000	4151.333
3110.000	4686.000
3111.000	4252.000
3112.000	3888.333
3113.000	3932.000
3114.000	4151.000
3115.000	4318.333
3116.000	4744.000
3117.000	4632.667
3118.000	4602.667
3119.000	4270.667
3120.000	4150.000
3121.000	4617.000
3122.000	5490.667
3123.000	5353.333
3124.000	4653.667
3125.000	4368.333
3126.000	4650.667
3127.000	4297.667
3128.000	4098.000
3129.000	4101.333
3130.000	4342.667
3131.000	4607.000
3132.000	4823.000
3133.000	4574.000
3134.000	4834.000
3135.000	4912.333
3136.000	4861.000
3137.000	4635.000
3138.000	4497.333
3139.000	4065.667
3140.000	3888.000
3141.000	4005.000
3142.000	4505.333
3143.000	4811.000
3144.000	4754.667
3145.000	4137.333
3146.000	3935.333
3147.000	3773.667
3148.000	3687.667
3149.000	3575.333
3150.000	3686.667
3151.000	3714.667
3152.000	3998.000
3153.000	4391.000
3154.000	4527.667
3155.000	4008.000
3156.000	4099.333
3157.000	4148.333
3158.000	4237.667
3159.000	4340.333
3160.000	4424.333
3161.000	3925.000
3162.000	3824.333
3163.000	4174.667
3164.000	4710.667
3165.000	4520.667
3166.000	4395.333
3167.000	4292.667
3168.000	4388.667
3169.000	4053.000
3170.000	4128.000
3171.000	3835.333
3172.000	3519.667
3173.000	3489.000
3174.000	3720.333
3175.000	3896.000
3176.000	4248.333
3177.000	3994.667
3178.000	3788.000
3179.000	3746.333
3180.000	3989.667
3181.000	3991.667
3182.000	4103.333
3183.000	4235.000
3184.000	4395.000
3185.000	4411.667
3186.000	4544.667
3187.000	4134.333
3188.000	3999.000
3189.000	4107.333
3190.000	4514.333
3191.000	4889.667
3192.000	5248.000
3193.000	4445.667
3194.000	4020.667
3195.000	3972.000
3196.000	4144.333
3197.000	4475.333
3198.000	4840.000
3199.000	4479.333
3200.000	4335.333
3201.000	4321.333
3202.000	4358.000
3203.000	3847.333
3204.000	3562.333
3205.000	3681.000
3206.000	4277.667
3207.000	4165.000
3208.000	3952.667
3209.000	3717.000
3210.000	3840.000
3211.000	4062.667
3212.000	4499.667
3213.000	4696.667
3214.000	4727.000
3215.000	4420.333
3216.000	4596.667
3217.000	4713.333
3218.000	5047.000
3219.000	4728.000
3220.000	4489.000
3221.000	4648.000
3222.000	4914.000
3223.000	4615.000
3224.000	4334.333
3225.000	4014.000
3226.000	4208.667
3227.000	4307.000
3228.000	4056.667
3229.000	4041.333
3230.000	4791.333
3231.000	5184.333
3232.000	5146.667
3233.000	4247.000
3234.000	3713.667
3235.000	3741.000
3236.000	3979.667
3237.000	4078.333
3238.000	4168.333
3239.000	4113.667
3240.000	4302.333
3241.000	4372.000
3242.000	4833.000
3243.000	5144.667
3244.000	5362.667
3245.000	4812.000
3246.000	4343.667
3247.000	4049.333
3248.000	3818.667
3249.000	3813.333
3250.000	4186.333
3251.000	4085.333
3252.000	4082.667
3253.000	4045.000
3254.000	4295.000
3255.000	4191.667
3256.000	4311.667
3257.000	4637.667
3258.000	4975.333
3259.000	4260.000
3260.000	3787.667
3261.000	4065.000
3262.000	4520.333
3263.000	4448.000
3264.000	4423.000
3265.000	4312.333
3266.000	4681.667
3267.000	4518.667
3268.000	4091.333
3269.000	4038.333
3270.000	4552.000
3271.000	4710.333
3272.000	4579.333
3273.000	4319.667
3274.000	4652.333
3275.000	4670.333
3276.000	4652.333
3277.000	4182.000
3278.000	4035.667
3279.000	4021.000
3280.000	4019.000
3281.000	4142.333
3282.000	4751.667
3283.000	4451.333
3284.000	3958.333
3285.000	3902.333
3286.000	4230.000
3287.000	4279.333
3288.000	4318.333
3289.000	4224.333
3290.000	4487.667
3291.000	4674.333
3292.000	4869.000
3293.000	4875.000
3294.000	4759.667
3295.000	4198.333
3296.000	3969.000
3297.000	4150.000
3298.000	4652.000
3299.000	4738.667
3300.000	4603.333
3301.000	4714.333
3302.000	4958.000
3303.000	4840.000
3304.000	4738.667
3305.000	4439.333
3306.000	4257.000
3307.000	4127.000
3308.000	4245.333
3309.000	4206.667
3310.000	4287.667
3311.000	3801.667
3312.000	3518.333
3313.000	3645.333
3314.000	4075.667
3315.000	4011.000
3316.000	3880.000
3317.000	3946.667
3318.000	4252.000
3319.000	3811.000
3320.000	3641.000
3321.000	3922.333
3322.000	4543.667
3323.000	4599.333
3324.000	4534.667
3325.000	4417.000
3326.000	4718.000
3327.000	4822.333
3328.000	4668.000
3329.000	4335.000
3330.000	4396.333
3331.000	4481.000
3332.000	4676.333
3333.000	4434.333
3334.000	4372.000
3335.000	4530.333
3336.000	4712.000
3337.000	4352.667
3338.000	4438.000
3339.000	4449.667
3340.000	4428.000
3341.000	3910.333
3342.000	3813.333
3343.000	4011.000
3344.000	4326.667
3345.000	4235.000
3346.000	4882.333
3347.000	4837.000
3348.000	4107.000
3349.000	3860.000
3350.000	4179.000
3351.000	4183.667
3352.000	4312.000
3353.000	4114.333
3354.000	4215.000
3355.000	4109.000
3356.000	4125.000
3357.000	4373.667
3358.000	4808.667
3359.000	4512.000
3360.000	4285.667
3361.000	4281.333
3362.000	4563.667
3363.000	4308.667
3364.000	4478.333
3365.000	4413.667
3366.000	4200.333
3367.000	4026.333
3368.000	4042.333
3369.000	4235.667
3370.000	4995.667
3371.000	5331.000
3372.000	5251.333
3373.000	4381.333
3374.000	4175.333
3375.000	4310.667
3376.000	4283.667
3377.000	4021.667
3378.000	4467.667
3379.000	4951.000
3380.000	5075.000
3381.000	4612.333
3382.000	4418.000
3383.000	4765.333
3384.000	5238.333
3385.000	4925.000
3386.000	4672.667
3387.000	4649.667
3388.000	4928.667
3389.000	5103.000
3390.000	5428.667
3391.000	5120.000
3392.000	4888.667
3393.000	4792.000
3394.000	4897.333
3395.000	4742.000
3396.000	4613.000
3397.000	4683.667
3398.000	5049.333
3399.000	4951.667
3400.000	4982.333
3401.000	4968.000
3402.000	5187.667
3403.000	5249.333
3404.000	5455.667
3405.000	5404.667
3406.000	5885.667
3407.000	5984.667
3408.000	5879.667
3409.000	5741.000
3410.000	6085.667
3411.000	6289.667
3412.000	6317.000
3413.000	6168.333
3414.000	6381.000
3415.000	6688.667
3416.000	7253.333
3417.000	7753.667
3418.000	8579.000
3419.000	9062.000
3420.000	9508.333
3421.000	9685.333
3422.000	9910.000
3423.000	10254.333
3424.000	10537.000
3425.000	10119.667
3426.000	9714.000
3427.000	9573.000
3428.000	9647.000
3429.000	9266.667
3430.000	9106.667
3431.000	8545.667
3432.000	7989.667
3433.000	7580.000
3434.000	7339.333
3435.000	6984.333
3436.000	6712.333
3437.000	6106.667
3438.000	5612.333
3439.000	5295.333
3440.000	5393.000
3441.000	5535.000
3442.000	5718.667
3443.000	5517.667
3444.000	5468.000
3445.000	5203.000
3446.000	5297.000
3447.000	5145.667
3448.000	4954.333
3449.000	4822.667
3450.000	5090.333
3451.000	5032.000
3452.000	5094.333
3453.000	4729.000
3454.000	4530.667
3455.000	4653.000
3456.000	4952.000
3457.000	4683.667
3458.000	4800.333
3459.000	5387.667
3460.000	5511.333
3461.000	4639.667
3462.000	4273.333
3463.000	4335.667
3464.000	4309.667
3465.000	3775.667
3466.000	3764.667
3467.000	3907.667
3468.000	4034.000
3469.000	3937.000
3470.000	4036.000
3471.000	3940.000
3472.000	3839.333
3473.000	3669.333
3474.000	3975.333
3475.000	4085.667
3476.000	3971.000
3477.000	3577.667
3478.000	3652.667
3479.000	3915.333
3480.000	4356.667
3481.000	4655.667
3482.000	5050.667
3483.000	4725.667
3484.000	4068.333
3485.000	3970.333
3486.000	4415.667
3487.000	4288.667
3488.000	4043.000
3489.000	3755.667
3490.000	3637.667
3491.000	3733.667
3492.000	4117.000
3493.000	4060.000
3494.000	4279.333
3495.000	4829.333
3496.000	5241.667
3497.000	4308.333
3498.000	3733.333
3499.000	3942.000
3500.000	4300.333
3501.000	4201.667
3502.000	4365.333
3503.000	4404.333
3504.000	4413.667
3505.000	4292.667
3506.000	4472.667
3507.000	4174.667
3508.000	4158.000
3509.000	4425.667
3510.000	4629.667
3511.000	4001.667
3512.000	3639.333
3513.000	3604.667
3514.000	3846.000
3515.000	3835.667
3516.000	3842.333
3517.000	4108.333
3518.000	4629.333
3519.000	4199.333
3520.000	4012.667
3521.000	4380.333
3522.000	4943.000
3523.000	4972.000
3524.000	4948.333
3525.000	4502.667
3526.000	4388.667
3527.000	4098.333
3528.000	4003.333
3529.000	3951.333
3530.000	4031.333
3531.000	3811.667
3532.000	3568.000
3533.000	3620.667
3534.000	4234.000
3535.000	4380.000
3536.000	4302.333
3537.000	3932.667
3538.000	3890.667
3539.000	3782.333
3540.000	3804.667
3541.000	3956.333
3542.000	4428.667
3543.000	4533.333
3544.000	4611.000
3545.000	4218.333
3546.000	3883.667
3547.000	4017.000
3548.000	4427.667
3549.000	4481.333
3550.000	4613.667
3551.000	4279.667
3552.000	4312.667
3553.000	4475.333
3554.000	4641.333
3555.000	4408.667
3556.000	4426.667
3557.000	4292.333
3558.000	4530.333
3559.000	4205.667
3560.000	3663.000
3561.000	3539.667
3562.000	4101.000
3563.000	4228.000
3564.000	4109.333
3565.000	3994.667
3566.000	4281.000
3567.000	4565.667
3568.000	4692.667
3569.000	4195.000
3570.000	4148.667
3571.000	4359.000
3572.000	4496.000
3573.000	4176.333
3574.000	4131.333
3575.000	4228.333
3576.000	4579.000
3577.000	4321.333
3578.000	4103.667
3579.000	3836.333
3580.000	3762.000
3581.000	3668.333
3582.000	3767.000
3583.000	3692.000
3584.000	3727.000
3585.000	3806.667
3586.000	4166.667
3587.000	4099.000
3588.000	3957.333
3589.000	3924.333
3590.000	4229.000
3591.000	4115.667
3592.000	4224.333
3593.000	4345.000
3594.000	4543.333
3595.000	4405.667
3596.000	4148.667
3597.000	3990.000
3598.000	4225.000
3599.000	4173.000
3600.000	4215.667
3601.000	4369.000
3602.000	4568.667
3603.000	4161.333
3604.000	4022.000
3605.000	3752.000
3606.000	3820.667
3607.000	4044.000
3608.000	4279.667
3609.000	4248.000
3610.000	4543.667
3611.000	4358.667
3612.000	4141.667
3613.000	4090.667
